#Layer_Color=6321
#
#Feature symbol names
#
$0 r5
$1 r6.6666
$2 r4

#
#Feature attribute names
#

#
#Layer features
#
A -0.0809844 1.9677161 -0.0809844 1.9677161 -0.1009844 1.9677161 1 P 0 N
A -0.0809844 2.0677161 -0.0809844 2.0677161 -0.1009844 2.0677161 1 P 0 N
A -0.2948984 -1.5354957 -0.2948984 -1.5354957 -0.3148984 -1.5354957 1 P 0 N
A -0.2948984 -1.9414957 -0.2948984 -1.9414957 -0.3148984 -1.9414957 1 P 0 N
A -0.746142 2.3358268 -0.746142 2.3358268 -0.766142 2.3358268 1 P 0 N
A -0.746142 2.4358268 -0.746142 2.4358268 -0.766142 2.4358268 1 P 0 N
A -0.846142 2.3358268 -0.846142 2.3358268 -0.866142 2.3358268 1 P 0 N
A -0.846142 2.4358268 -0.846142 2.4358268 -0.866142 2.4358268 1 P 0 N
A -0.946142 2.3358268 -0.946142 2.3358268 -0.966142 2.3358268 1 P 0 N
A -0.946142 2.4358268 -0.946142 2.4358268 -0.966142 2.4358268 1 P 0 N
A -1.1398415 2.1153535 -1.1398415 2.1153535 -1.1598415 2.1153535 1 P 0 N
A -1.1398415 2.2153535 -1.1398415 2.2153535 -1.1598415 2.2153535 1 P 0 N
A -1.2349996 -1.1654337 -1.2349996 -1.1654337 -1.2549996 -1.1654337 1 P 0 N
A -1.2398415 2.1153535 -1.2398415 2.1153535 -1.2598415 2.1153535 1 P 0 N
A -1.2398415 2.2153535 -1.2398415 2.2153535 -1.2598415 2.2153535 1 P 0 N
A -1.3398415 2.1153535 -1.3398415 2.1153535 -1.3598415 2.1153535 1 P 0 N
A -1.3398415 2.2153535 -1.3398415 2.2153535 -1.3598415 2.2153535 1 P 0 N
A -2.0330864 -1.2351977 -2.0330864 -1.2351977 -2.0530864 -1.2351977 1 P 0 N
A -2.0330864 -1.3351977 -2.0330864 -1.3351977 -2.0530864 -1.3351977 1 P 0 N
A -2.0330864 -1.4351977 -2.0330864 -1.4351977 -2.0530864 -1.4351977 1 P 0 N
A -2.0410864 -1.2351977 -2.0410864 -1.2351977 -2.0530864 -1.2351977 2 P 0 N
A -2.0410864 -1.3351977 -2.0410864 -1.3351977 -2.0530864 -1.3351977 2 P 0 N
A -2.0410864 -1.4351977 -2.0410864 -1.4351977 -2.0530864 -1.4351977 2 P 0 N
A 0.0190156 1.9677161 0.0190156 1.9677161 -0.0009844 1.9677161 1 P 0 N
A 0.0190156 2.0677161 0.0190156 2.0677161 -0.0009844 2.0677161 1 P 0 N
A 0.1190156 1.9677161 0.1190156 1.9677161 0.0990156 1.9677161 1 P 0 N
A 0.1190156 2.0677161 0.1190156 2.0677161 0.0990156 2.0677161 1 P 0 N
A 0.3461016 -1.5354957 0.3461016 -1.5354957 0.3261016 -1.5354957 1 P 0 N
A 0.3471016 -1.9404957 0.3471016 -1.9404957 0.3271016 -1.9404957 1 P 0 N
A 0.7861408 2.3358255 0.7861408 2.3358255 0.7661408 2.3358255 1 P 0 N
A 0.7861408 2.4358255 0.7861408 2.4358255 0.7661408 2.4358255 1 P 0 N
A 0.8861408 2.3358255 0.8861408 2.3358255 0.8661408 2.3358255 1 P 0 N
A 0.8861408 2.4358255 0.8861408 2.4358255 0.8661408 2.4358255 1 P 0 N
A 0.9861408 2.3358255 0.9861408 2.3358255 0.9661408 2.3358255 1 P 0 N
A 0.9861408 2.4358255 0.9861408 2.4358255 0.9661408 2.4358255 1 P 0 N
A 1.179843 2.1153547 1.179843 2.1153547 1.159843 2.1153547 1 P 0 N
A 1.179843 2.2153547 1.179843 2.2153547 1.159843 2.2153547 1 P 0 N
A 1.279843 2.1153547 1.279843 2.1153547 1.259843 2.1153547 1 P 0 N
A 1.279843 2.2153547 1.279843 2.2153547 1.259843 2.2153547 1 P 0 N
A 1.379843 2.1153547 1.379843 2.1153547 1.359843 2.1153547 1 P 0 N
A 1.379843 2.2153547 1.379843 2.2153547 1.359843 2.2153547 1 P 0 N
L -0.0168743 1.1607477 -0.025205 1.1690783 0 P 0
L -0.0198031 0.9809843 -0.0198031 1.0209843 0 P 0
L -0.0198031 0.9809843 0.0201969 0.9809843 0 P 0
L -0.0198031 1.0209843 0.0201969 1.0209843 0 P 0
L -0.025205 1.1190945 -0.0168743 1.1274251 0 P 0
L -0.025205 1.1690783 -0.0418663 1.1690783 0 P 0
L -0.0298032 1.1719291 -0.0298032 1.2119291 0 P 0
L -0.0298032 2.1725039 -0.0298032 2.2125039 0 P 0
L -0.0299998 2.4012593 -0.0299998 2.4412593 0 P 0
L -0.0299998 2.6079533 -0.0299998 2.6479533 0 P 0
L -0.0300002 0.7658663 -0.0300002 0.8058663 0 P 0
L -0.0349996 -1.1854337 -0.0349996 -1.1454337 0 P 0
L -0.0418663 1.1190945 -0.025205 1.1190945 0 P 0
L -0.0418663 1.1690783 -0.0501969 1.1607477 0 P 0
L -0.0501969 1.1274251 -0.0418663 1.1190945 0 P 0
L -0.0501969 1.1607477 -0.0501969 1.1274251 0 P 0
L -0.0648038 2.5196853 -0.0548038 2.4996853 0 P 0
L -0.0648038 2.5196853 -0.0548038 2.5396853 0 P 0
L -0.0688038 2.5196853 -0.0628038 2.5076853 0 P 0
L -0.0688038 2.5196853 -0.0628038 2.5316853 0 P 0
L -0.0698032 1.1719291 -0.0298032 1.1719291 0 P 0
L -0.0698032 1.1719291 -0.0698032 1.2119291 0 P 0
L -0.0698032 1.2119291 -0.0298032 1.2119291 0 P 0
L -0.0698032 2.1725039 -0.0298032 2.1725039 0 P 0
L -0.0698032 2.1725039 -0.0698032 2.2125039 0 P 0
L -0.0698032 2.2125039 -0.0298032 2.2125039 0 P 0
L -0.0699998 2.4012593 -0.0299998 2.4012593 0 P 0
L -0.0699998 2.4012593 -0.0699998 2.4412593 0 P 0
L -0.0699998 2.4412593 -0.0299998 2.4412593 0 P 0
L -0.0699998 2.6079533 -0.0299998 2.6079533 0 P 0
L -0.0699998 2.6079533 -0.0699998 2.6479533 0 P 0
L -0.0699998 2.6479533 -0.0299998 2.6479533 0 P 0
L -0.0700002 0.7658663 -0.0300002 0.7658663 0 P 0
L -0.0700002 0.7658663 -0.0700002 0.8058663 0 P 0
L -0.0700002 0.8058663 -0.0300002 0.8058663 0 P 0
L -0.0748038 2.5096853 -0.0548038 2.4996853 0 P 0
L -0.0748038 2.5136853 -0.0628038 2.5076853 0 P 0
L -0.0748038 2.5256853 -0.0628038 2.5316853 0 P 0
L -0.0748038 2.5296853 -0.0548038 2.5396853 0 P 0
L -0.0749996 -1.1454337 -0.0349996 -1.1454337 0 P 0
L -0.0749996 -1.1854337 -0.0349996 -1.1854337 0 P 0
L -0.0749996 -1.1854337 -0.0749996 -1.1454337 0 P 0
L -0.0798031 0.9809843 -0.0798031 1.0209843 0 P 0
L -0.0799998 2.3266133 -0.0799998 2.3466133 0 P 0
L -0.0868038 2.5076853 -0.0748038 2.5136853 0 P 0
L -0.0868038 2.5076853 -0.0808038 2.5196853 0 P 0
L -0.0868038 2.5316853 -0.0748038 2.5256853 0 P 0
L -0.0868038 2.5316853 -0.0808038 2.5196853 0 P 0
L -0.0879998 2.3306133 -0.0879998 2.3426133 0 P 0
L -0.0899998 2.3166133 -0.0899998 2.3266133 0 P 0
L -0.0899998 2.3266133 -0.0799998 2.3266133 0 P 0
L -0.0899998 2.3466133 -0.0799998 2.3466133 0 P 0
L -0.0899998 2.3466133 -0.0899998 2.3566133 0 P 0
L -0.0939998 2.3246133 -0.0939998 2.3306133 0 P 0
L -0.0939998 2.3306133 -0.0879998 2.3306133 0 P 0
L -0.0939998 2.3426133 -0.0879998 2.3426133 0 P 0
L -0.0939998 2.3426133 -0.0939998 2.3486133 0 P 0
L -0.0948038 2.4996853 -0.0748038 2.5096853 0 P 0
L -0.0948038 2.4996853 -0.0848038 2.5196853 0 P 0
L -0.0948038 2.5396853 -0.0748038 2.5296853 0 P 0
L -0.0948038 2.5396853 -0.0848038 2.5196853 0 P 0
L -0.1059998 2.3246133 -0.0939998 2.3246133 0 P 0
L -0.1059998 2.3246133 -0.1059998 2.3306133 0 P 0
L -0.1059998 2.3426133 -0.1059998 2.3486133 0 P 0
L -0.1059998 2.3486133 -0.0939998 2.3486133 0 P 0
L -0.1099998 2.3166133 -0.0899998 2.3166133 0 P 0
L -0.1099998 2.3166133 -0.1099998 2.3266133 0 P 0
L -0.1099998 2.3466133 -0.1099998 2.3566133 0 P 0
L -0.1099998 2.3566133 -0.0899998 2.3566133 0 P 0
L -0.1119998 2.3306133 -0.1059998 2.3306133 0 P 0
L -0.1119998 2.3306133 -0.1119998 2.3426133 0 P 0
L -0.1119998 2.3426133 -0.1059998 2.3426133 0 P 0
L -0.1162837 1.1607477 -0.1246144 1.1690783 0 P 0
L -0.1162837 2.1597634 -0.1246144 2.168094 0 P 0
L -0.1198031 0.9809843 -0.0798031 0.9809843 0 P 0
L -0.1198031 0.9809843 -0.1198031 1.0209843 0 P 0
L -0.1198031 1.0209843 -0.0798031 1.0209843 0 P 0
L -0.1199998 2.3266133 -0.1099998 2.3266133 0 P 0
L -0.1199998 2.3266133 -0.1199998 2.3466133 0 P 0
L -0.1199998 2.3466133 -0.1099998 2.3466133 0 P 0
L -0.1246144 1.1190945 -0.1162837 1.1274251 0 P 0
L -0.1246144 1.1690783 -0.1412757 1.1690783 0 P 0
L -0.1246144 2.1181102 -0.1162837 2.1264408 0 P 0
L -0.1246144 2.168094 -0.1412757 2.168094 0 P 0
L -0.129079 1.4166532 -0.1374097 1.4249838 0 P 0
L -0.1298032 1.1719291 -0.1298032 1.2119291 0 P 0
L -0.1298032 2.1725039 -0.1298032 2.2125039 0 P 0
L -0.1300002 0.7658663 -0.1300002 0.8058663 0 P 0
L -0.1349996 -1.1854337 -0.1349996 -1.1454337 0 P 0
L -0.1374097 1.375 -0.129079 1.3833306 0 P 0
L -0.1374097 1.4249838 -0.154071 1.4249838 0 P 0
L -0.1412757 1.1190945 -0.1246144 1.1190945 0 P 0
L -0.1412757 1.1690783 -0.1496063 1.1607477 0 P 0
L -0.1412757 2.1181102 -0.1246144 2.1181102 0 P 0
L -0.1412757 2.168094 -0.1496063 2.1597634 0 P 0
L -0.1496063 1.1274251 -0.1412757 1.1190945 0 P 0
L -0.1496063 1.1607477 -0.1496063 1.1274251 0 P 0
L -0.1496063 2.1264408 -0.1412757 2.1181102 0 P 0
L -0.1496063 2.1597634 -0.1496063 2.1264408 0 P 0
L -0.154071 1.375 -0.1374097 1.375 0 P 0
L -0.154071 1.4249838 -0.1624016 1.4166532 0 P 0
L -0.1624016 1.3833306 -0.154071 1.375 0 P 0
L -0.1624016 1.4166532 -0.1624016 1.3833306 0 P 0
L -0.1694333 0.6863382 -0.177764 0.6946688 0 P 0
L -0.1698032 1.1719291 -0.1298032 1.1719291 0 P 0
L -0.1698032 1.1719291 -0.1698032 1.2119291 0 P 0
L -0.1698032 1.2119291 -0.1298032 1.2119291 0 P 0
L -0.1698032 2.1725039 -0.1298032 2.1725039 0 P 0
L -0.1698032 2.1725039 -0.1698032 2.2125039 0 P 0
L -0.1698032 2.2125039 -0.1298032 2.2125039 0 P 0
L -0.1700002 0.7658663 -0.1300002 0.7658663 0 P 0
L -0.1700002 0.7658663 -0.1700002 0.8058663 0 P 0
L -0.1700002 0.8058663 -0.1300002 0.8058663 0 P 0
L -0.1749996 -1.1454337 -0.1349996 -1.1454337 0 P 0
L -0.1749996 -1.1854337 -0.1349996 -1.1854337 0 P 0
L -0.1749996 -1.1854337 -0.1749996 -1.1454337 0 P 0
L -0.177764 0.644685 -0.1694333 0.6530156 0 P 0
L -0.177764 0.6946688 -0.1944253 0.6946688 0 P 0
L -0.1798031 0.9809843 -0.1798031 1.0209843 0 P 0
L -0.1881341 0.2847634 -0.1964648 0.293094 0 P 0
L -0.1944253 0.644685 -0.177764 0.644685 0 P 0
L -0.1944253 0.6946688 -0.2027559 0.6863382 0 P 0
L -0.1964648 0.2431102 -0.1881341 0.2514408 0 P 0
L -0.1964648 0.293094 -0.2131261 0.293094 0 P 0
L -0.2027559 0.6530156 -0.1944253 0.644685 0 P 0
L -0.2027559 0.6863382 -0.2027559 0.6530156 0 P 0
L -0.2028979 2.443228 -0.2112286 2.4515586 0 P 0
L -0.2088034 0.5140941 -0.2171341 0.5224247 0 P 0
L -0.2112286 2.4015748 -0.2028979 2.4099054 0 P 0
L -0.2112286 2.4515586 -0.2278899 2.4515586 0 P 0
L -0.2131261 0.2431102 -0.1964648 0.2431102 0 P 0
L -0.2131261 0.293094 -0.2214567 0.2847634 0 P 0
L -0.2171341 0.4724409 -0.2088034 0.4807715 0 P 0
L -0.2171341 0.5224247 -0.2337954 0.5224247 0 P 0
L -0.2198031 0.9809843 -0.1798031 0.9809843 0 P 0
L -0.2198031 0.9809843 -0.2198031 1.0209843 0 P 0
L -0.2198031 1.0209843 -0.1798031 1.0209843 0 P 0
L -0.2214567 0.2514408 -0.2131261 0.2431102 0 P 0
L -0.2214567 0.2847634 -0.2214567 0.2514408 0 P 0
L -0.2278899 2.4015748 -0.2112286 2.4015748 0 P 0
L -0.2278899 2.4515586 -0.2362205 2.443228 0 P 0
L -0.2298032 1.1719291 -0.2298032 1.2119291 0 P 0
L -0.2298032 2.1725039 -0.2298032 2.2125039 0 P 0
L -0.2300002 0.7658663 -0.2300002 0.8058663 0 P 0
L -0.2337954 0.4724409 -0.2171341 0.4724409 0 P 0
L -0.2337954 0.5224247 -0.242126 0.5140941 0 P 0
L -0.2349996 -1.1854337 -0.2349996 -1.1454337 0 P 0
L -0.2362205 2.4099054 -0.2278899 2.4015748 0 P 0
L -0.2362205 2.443228 -0.2362205 2.4099054 0 P 0
L -0.242126 0.4807715 -0.2337954 0.4724409 0 P 0
L -0.242126 0.5140941 -0.242126 0.4807715 0 P 0
L -0.2452207 1.951102 -0.2535514 1.9594326 0 P 0
L -0.2452207 2.6361414 -0.2535514 2.644472 0 P 0
L -0.2535514 1.9094488 -0.2452207 1.9177794 0 P 0
L -0.2535514 1.9594326 -0.2702127 1.9594326 0 P 0
L -0.2535514 2.5944882 -0.2452207 2.6028188 0 P 0
L -0.2535514 2.644472 -0.2702127 2.644472 0 P 0
L -0.2698032 1.1719291 -0.2298032 1.1719291 0 P 0
L -0.2698032 1.1719291 -0.2698032 1.2119291 0 P 0
L -0.2698032 1.2119291 -0.2298032 1.2119291 0 P 0
L -0.2698032 2.1725039 -0.2298032 2.1725039 0 P 0
L -0.2698032 2.1725039 -0.2698032 2.2125039 0 P 0
L -0.2698032 2.2125039 -0.2298032 2.2125039 0 P 0
L -0.2700002 0.7658663 -0.2300002 0.7658663 0 P 0
L -0.2700002 0.7658663 -0.2700002 0.8058663 0 P 0
L -0.2700002 0.8058663 -0.2300002 0.8058663 0 P 0
L -0.2702127 1.9094488 -0.2535514 1.9094488 0 P 0
L -0.2702127 1.9594326 -0.2785433 1.951102 0 P 0
L -0.2702127 2.5944882 -0.2535514 2.5944882 0 P 0
L -0.2702127 2.644472 -0.2785433 2.6361414 0 P 0
L -0.2749996 -1.1454337 -0.2349996 -1.1454337 0 P 0
L -0.2749996 -1.1854337 -0.2349996 -1.1854337 0 P 0
L -0.2749996 -1.1854337 -0.2749996 -1.1454337 0 P 0
L -0.2785433 1.9177794 -0.2702127 1.9094488 0 P 0
L -0.2785433 1.951102 -0.2785433 1.9177794 0 P 0
L -0.2785433 2.6028188 -0.2702127 2.5944882 0 P 0
L -0.2785433 2.6361414 -0.2785433 2.6028188 0 P 0
L -0.281638 -2.5479371 -0.281638 -2.5812597 0 P 0
L -0.281638 -2.5562678 -0.3149606 -2.5562678 0 P 0
L -0.281638 -2.5812597 -0.281638 -2.5562678 0 P 0
L -0.281638 1.7435423 -0.281638 1.7685342 0 P 0
L -0.281638 1.7685342 -0.3149606 1.7685342 0 P 0
L -0.281638 1.7768649 -0.281638 1.7435423 0 P 0
L -0.2982993 -2.5312759 -0.281638 -2.5479371 0 P 0
L -0.2982993 1.7935261 -0.281638 1.7768649 0 P 0
L -0.3149606 -2.5479371 -0.2982993 -2.5312759 0 P 0
L -0.3149606 -2.5812597 -0.3149606 -2.5479371 0 P 0
L -0.3149606 1.7435423 -0.3149606 1.7768649 0 P 0
L -0.3149606 1.7768649 -0.2982993 1.7935261 0 P 0
L -0.3249451 0.6656689 -0.3332758 0.6739995 0 P 0
L -0.3298032 1.1719291 -0.3298032 1.2119291 0 P 0
L -0.3298032 2.1725039 -0.3298032 2.2125039 0 P 0
L -0.3300002 0.7658663 -0.3300002 0.8058663 0 P 0
L -0.3332758 0.6240157 -0.3249451 0.6323463 0 P 0
L -0.3332758 0.6739995 -0.3499371 0.6739995 0 P 0
L -0.3349996 -1.1854337 -0.3349996 -1.1454337 0 P 0
L -0.3499371 0.6240157 -0.3332758 0.6240157 0 P 0
L -0.3499371 0.6739995 -0.3582677 0.6656689 0 P 0
L -0.3532862 2.4793364 -0.3532862 2.5193364 0 P 0
L -0.3532862 2.4793364 -0.3532862 2.5193364 0 P 0
L -0.3582677 0.6323463 -0.3499371 0.6240157 0 P 0
L -0.3582677 0.6656689 -0.3582677 0.6323463 0 P 0
L -0.3698032 1.1719291 -0.3298032 1.1719291 0 P 0
L -0.3698032 1.1719291 -0.3698032 1.2119291 0 P 0
L -0.3698032 1.2119291 -0.3298032 1.2119291 0 P 0
L -0.3698032 2.1725039 -0.3298032 2.1725039 0 P 0
L -0.3698032 2.1725039 -0.3698032 2.2125039 0 P 0
L -0.3698032 2.2125039 -0.3298032 2.2125039 0 P 0
L -0.3700002 0.7658663 -0.3300002 0.7658663 0 P 0
L -0.3700002 0.7658663 -0.3700002 0.8058663 0 P 0
L -0.3700002 0.8058663 -0.3300002 0.8058663 0 P 0
L -0.3749996 -1.1454337 -0.3349996 -1.1454337 0 P 0
L -0.3749996 -1.1854337 -0.3349996 -1.1854337 0 P 0
L -0.3749996 -1.1854337 -0.3749996 -1.1454337 0 P 0
L -0.3874882 2.5733062 -0.3874882 2.6133062 0 P 0
L -0.3932862 2.4793364 -0.3532862 2.4793364 0 P 0
L -0.3932862 2.4793364 -0.3532862 2.4793364 0 P 0
L -0.3932862 2.4793364 -0.3932862 2.5193364 0 P 0
L -0.3932862 2.4793364 -0.3932862 2.5193364 0 P 0
L -0.3932862 2.5193364 -0.3532862 2.5193364 0 P 0
L -0.3932862 2.5193364 -0.3532862 2.5193364 0 P 0
L -0.4274882 2.5733062 -0.3874882 2.5733062 0 P 0
L -0.4274882 2.5733062 -0.4274882 2.6133062 0 P 0
L -0.4274882 2.6133062 -0.3874882 2.6133062 0 P 0
L -0.4298032 1.1719291 -0.4298032 1.2119291 0 P 0
L -0.4298032 2.1725039 -0.4298032 2.2125039 0 P 0
L -0.4349996 -1.1854337 -0.4349996 -1.1454337 0 P 0
L -0.4565422 2.4390003 -0.4465422 2.4190003 0 P 0
L -0.4565422 2.4390003 -0.4465422 2.4590003 0 P 0
L -0.4605422 2.4390003 -0.4545422 2.4270003 0 P 0
L -0.4605422 2.4390003 -0.4545422 2.4510003 0 P 0
L -0.4665422 2.4290003 -0.4465422 2.4190003 0 P 0
L -0.4665422 2.4330003 -0.4545422 2.4270003 0 P 0
L -0.4665422 2.4450003 -0.4545422 2.4510003 0 P 0
L -0.4665422 2.4490003 -0.4465422 2.4590003 0 P 0
L -0.4698032 1.1719291 -0.4298032 1.1719291 0 P 0
L -0.4698032 1.1719291 -0.4698032 1.2119291 0 P 0
L -0.4698032 1.2119291 -0.4298032 1.2119291 0 P 0
L -0.4698032 2.1725039 -0.4298032 2.1725039 0 P 0
L -0.4698032 2.1725039 -0.4698032 2.2125039 0 P 0
L -0.4698032 2.2125039 -0.4298032 2.2125039 0 P 0
L -0.4749996 -1.1454337 -0.4349996 -1.1454337 0 P 0
L -0.4749996 -1.1854337 -0.4349996 -1.1854337 0 P 0
L -0.4749996 -1.1854337 -0.4749996 -1.1454337 0 P 0
L -0.4785422 2.4270003 -0.4665422 2.4330003 0 P 0
L -0.4785422 2.4270003 -0.4725422 2.4390003 0 P 0
L -0.4785422 2.4510003 -0.4665422 2.4450003 0 P 0
L -0.4785422 2.4510003 -0.4725422 2.4390003 0 P 0
L -0.4865422 2.4190003 -0.4665422 2.4290003 0 P 0
L -0.4865422 2.4190003 -0.4765422 2.4390003 0 P 0
L -0.4865422 2.4590003 -0.4665422 2.4490003 0 P 0
L -0.4865422 2.4590003 -0.4765422 2.4390003 0 P 0
L -0.5030947 0.2847634 -0.5114254 0.293094 0 P 0
L -0.5077101 2.5795823 -0.4977101 2.5595823 0 P 0
L -0.5077101 2.5795823 -0.4977101 2.5995823 0 P 0
L -0.5114254 0.2431102 -0.5030947 0.2514408 0 P 0
L -0.5114254 0.293094 -0.5280867 0.293094 0 P 0
L -0.5117101 2.5795823 -0.5057101 2.5675823 0 P 0
L -0.5117101 2.5795823 -0.5057101 2.5915823 0 P 0
L -0.5177101 2.5695823 -0.4977101 2.5595823 0 P 0
L -0.5177101 2.5735823 -0.5057101 2.5675823 0 P 0
L -0.5177101 2.5855823 -0.5057101 2.5915823 0 P 0
L -0.5177101 2.5895823 -0.4977101 2.5995823 0 P 0
L -0.5280867 0.2431102 -0.5114254 0.2431102 0 P 0
L -0.5280867 0.293094 -0.5364173 0.2847634 0 P 0
L -0.5297101 2.5675823 -0.5177101 2.5735823 0 P 0
L -0.5297101 2.5675823 -0.5237101 2.5795823 0 P 0
L -0.5297101 2.5915823 -0.5177101 2.5855823 0 P 0
L -0.5297101 2.5915823 -0.5237101 2.5795823 0 P 0
L -0.5298032 1.1719291 -0.5298032 1.2119291 0 P 0
L -0.5298032 2.1725039 -0.5298032 2.2125039 0 P 0
L -0.5349996 -1.1854337 -0.5349996 -1.1454337 0 P 0
L -0.5364173 0.2514408 -0.5280867 0.2431102 0 P 0
L -0.5364173 0.2847634 -0.5364173 0.2514408 0 P 0
L -0.5377101 2.5595823 -0.5177101 2.5695823 0 P 0
L -0.5377101 2.5595823 -0.5277101 2.5795823 0 P 0
L -0.5377101 2.5995823 -0.5177101 2.5895823 0 P 0
L -0.5377101 2.5995823 -0.5277101 2.5795823 0 P 0
L -0.5475142 2.4086423 -0.5475142 2.4486423 0 P 0
L -0.5698032 1.1719291 -0.5298032 1.1719291 0 P 0
L -0.5698032 1.1719291 -0.5698032 1.2119291 0 P 0
L -0.5698032 1.2119291 -0.5298032 1.2119291 0 P 0
L -0.5698032 2.1725039 -0.5298032 2.1725039 0 P 0
L -0.5698032 2.1725039 -0.5698032 2.2125039 0 P 0
L -0.5698032 2.2125039 -0.5298032 2.2125039 0 P 0
L -0.5729766 0.5140941 -0.5813073 0.5224247 0 P 0
L -0.5749996 -1.1454337 -0.5349996 -1.1454337 0 P 0
L -0.5749996 -1.1854337 -0.5349996 -1.1854337 0 P 0
L -0.5749996 -1.1854337 -0.5749996 -1.1454337 0 P 0
L -0.5813073 0.4724409 -0.5729766 0.4807715 0 P 0
L -0.5813073 0.5224247 -0.5979686 0.5224247 0 P 0
L -0.5817162 2.5026123 -0.5817162 2.5426123 0 P 0
L -0.5855115 0.9466929 -0.5855115 0.9666929 0 P 0
L -0.5872835 -0.3034646 -0.5872835 -0.2634646 0 P 0
L -0.5872835 -0.5790546 -0.5872835 -0.5390546 0 P 0
L -0.5875142 2.4086423 -0.5475142 2.4086423 0 P 0
L -0.5875142 2.4086423 -0.5875142 2.4486423 0 P 0
L -0.5875142 2.4486423 -0.5475142 2.4486423 0 P 0
L -0.5952835 -0.2954646 -0.5952835 -0.2714646 0 P 0
L -0.5952835 -0.5710546 -0.5952835 -0.5470546 0 P 0
L -0.5955115 0.9366929 -0.5955115 0.9466929 0 P 0
L -0.5955115 0.9466929 -0.5855115 0.9466929 0 P 0
L -0.5955115 0.9666929 -0.5855115 0.9666929 0 P 0
L -0.5955115 0.9666929 -0.5955115 0.9766929 0 P 0
L -0.5979686 0.4724409 -0.5813073 0.4724409 0 P 0
L -0.5979686 0.5224247 -0.6062992 0.5140941 0 P 0
L -0.6062992 0.4807715 -0.5979686 0.4724409 0 P 0
L -0.6062992 0.5140941 -0.6062992 0.4807715 0 P 0
L -0.6155115 0.9366929 -0.5955115 0.9366929 0 P 0
L -0.6155115 0.9366929 -0.6155115 0.9466929 0 P 0
L -0.6155115 0.9666929 -0.6155115 0.9766929 0 P 0
L -0.6155115 0.9766929 -0.5955115 0.9766929 0 P 0
L -0.6192835 -0.2714646 -0.5952835 -0.2714646 0 P 0
L -0.6192835 -0.2954646 -0.5952835 -0.2954646 0 P 0
L -0.6192835 -0.2954646 -0.6192835 -0.2714646 0 P 0
L -0.6192835 -0.5470546 -0.5952835 -0.5470546 0 P 0
L -0.6192835 -0.5710546 -0.5952835 -0.5710546 0 P 0
L -0.6192835 -0.5710546 -0.6192835 -0.5470546 0 P 0
L -0.6217162 2.5026123 -0.5817162 2.5026123 0 P 0
L -0.6217162 2.5026123 -0.6217162 2.5426123 0 P 0
L -0.6217162 2.5426123 -0.5817162 2.5426123 0 P 0
L -0.6255115 0.9466929 -0.6155115 0.9466929 0 P 0
L -0.6255115 0.9466929 -0.6255115 0.9666929 0 P 0
L -0.6255115 0.9666929 -0.6155115 0.9666929 0 P 0
L -0.6272835 -0.2634646 -0.5872835 -0.2634646 0 P 0
L -0.6272835 -0.3034646 -0.5872835 -0.3034646 0 P 0
L -0.6272835 -0.3034646 -0.6272835 -0.2634646 0 P 0
L -0.6272835 -0.5390546 -0.5872835 -0.5390546 0 P 0
L -0.6272835 -0.5790546 -0.5872835 -0.5790546 0 P 0
L -0.6272835 -0.5790546 -0.6272835 -0.5390546 0 P 0
L -0.6298032 1.1719291 -0.6298032 1.2119291 0 P 0
L -0.6298032 2.1725039 -0.6298032 2.2125039 0 P 0
L -0.6349996 -1.1854337 -0.6349996 -1.1454337 0 P 0
L -0.6497483 0.6469682 -0.658079 0.6552988 0 P 0
L -0.658079 0.605315 -0.6497483 0.6136456 0 P 0
L -0.658079 0.6552988 -0.6747403 0.6552988 0 P 0
L -0.6698032 1.1719291 -0.6298032 1.1719291 0 P 0
L -0.6698032 1.1719291 -0.6698032 1.2119291 0 P 0
L -0.6698032 1.2119291 -0.6298032 1.2119291 0 P 0
L -0.6698032 2.1725039 -0.6298032 2.1725039 0 P 0
L -0.6698032 2.1725039 -0.6698032 2.2125039 0 P 0
L -0.6698032 2.2125039 -0.6298032 2.2125039 0 P 0
L -0.6714018 0.8497241 -0.6797325 0.8580547 0 P 0
L -0.6747403 0.605315 -0.658079 0.605315 0 P 0
L -0.6747403 0.6552988 -0.6830709 0.6469682 0 P 0
L -0.6749996 -1.1454337 -0.6349996 -1.1454337 0 P 0
L -0.6749996 -1.1854337 -0.6349996 -1.1854337 0 P 0
L -0.6749996 -1.1854337 -0.6749996 -1.1454337 0 P 0
L -0.6783582 2.5306463 -0.6783582 2.5506463 0 P 0
L -0.6797325 0.8080709 -0.6714018 0.8164015 0 P 0
L -0.6797325 0.8580547 -0.6963938 0.8580547 0 P 0
L -0.6830709 0.6136456 -0.6747403 0.605315 0 P 0
L -0.6830709 0.6469682 -0.6830709 0.6136456 0 P 0
L -0.6855115 0.9466929 -0.6855115 0.9666929 0 P 0
L -0.6863582 2.5346463 -0.6863582 2.5466463 0 P 0
L -0.6883582 2.5206463 -0.6883582 2.5306463 0 P 0
L -0.6883582 2.5306463 -0.6783582 2.5306463 0 P 0
L -0.6883582 2.5506463 -0.6783582 2.5506463 0 P 0
L -0.6883582 2.5506463 -0.6883582 2.5606463 0 P 0
L -0.6923582 2.5286463 -0.6923582 2.5346463 0 P 0
L -0.6923582 2.5346463 -0.6863582 2.5346463 0 P 0
L -0.6923582 2.5466463 -0.6863582 2.5466463 0 P 0
L -0.6923582 2.5466463 -0.6923582 2.5526463 0 P 0
L -0.6955115 0.9366929 -0.6955115 0.9466929 0 P 0
L -0.6955115 0.9466929 -0.6855115 0.9466929 0 P 0
L -0.6955115 0.9666929 -0.6855115 0.9666929 0 P 0
L -0.6955115 0.9666929 -0.6955115 0.9766929 0 P 0
L -0.6963938 0.8080709 -0.6797325 0.8080709 0 P 0
L -0.6963938 0.8580547 -0.7047244 0.8497241 0 P 0
L -0.7043582 2.5286463 -0.6923582 2.5286463 0 P 0
L -0.7043582 2.5286463 -0.7043582 2.5346463 0 P 0
L -0.7043582 2.5466463 -0.7043582 2.5526463 0 P 0
L -0.7043582 2.5526463 -0.6923582 2.5526463 0 P 0
L -0.7047244 0.8164015 -0.6963938 0.8080709 0 P 0
L -0.7047244 0.8497241 -0.7047244 0.8164015 0 P 0
L -0.7083582 2.5206463 -0.6883582 2.5206463 0 P 0
L -0.7083582 2.5206463 -0.7083582 2.5306463 0 P 0
L -0.7083582 2.5506463 -0.7083582 2.5606463 0 P 0
L -0.7083582 2.5606463 -0.6883582 2.5606463 0 P 0
L -0.7103582 2.5346463 -0.7043582 2.5346463 0 P 0
L -0.7103582 2.5346463 -0.7103582 2.5466463 0 P 0
L -0.7103582 2.5466463 -0.7043582 2.5466463 0 P 0
L -0.7155115 0.9366929 -0.6955115 0.9366929 0 P 0
L -0.7155115 0.9366929 -0.7155115 0.9466929 0 P 0
L -0.7155115 0.9666929 -0.7155115 0.9766929 0 P 0
L -0.7155115 0.9766929 -0.6955115 0.9766929 0 P 0
L -0.7183582 2.5306463 -0.7083582 2.5306463 0 P 0
L -0.7183582 2.5306463 -0.7183582 2.5506463 0 P 0
L -0.7183582 2.5506463 -0.7083582 2.5506463 0 P 0
L -0.7255115 0.9466929 -0.7155115 0.9466929 0 P 0
L -0.7255115 0.9466929 -0.7255115 0.9666929 0 P 0
L -0.7255115 0.9666929 -0.7155115 0.9666929 0 P 0
L -0.7298032 1.1719291 -0.7298032 1.2119291 0 P 0
L -0.7298032 2.1725039 -0.7298032 2.2125039 0 P 0
L -0.7349996 -1.1854337 -0.7349996 -1.1454337 0 P 0
L -0.750142 2.5829918 -0.7584727 2.5913224 0 P 0
L -0.7584727 2.5413386 -0.750142 2.5496692 0 P 0
L -0.7584727 2.5913224 -0.775134 2.5913224 0 P 0
L -0.7698032 1.1719291 -0.7298032 1.1719291 0 P 0
L -0.7698032 1.1719291 -0.7698032 1.2119291 0 P 0
L -0.7698032 1.2119291 -0.7298032 1.2119291 0 P 0
L -0.7698032 2.1725039 -0.7298032 2.1725039 0 P 0
L -0.7698032 2.1725039 -0.7698032 2.2125039 0 P 0
L -0.7698032 2.2125039 -0.7298032 2.2125039 0 P 0
L -0.7749996 -1.1454337 -0.7349996 -1.1454337 0 P 0
L -0.7749996 -1.1854337 -0.7349996 -1.1854337 0 P 0
L -0.7749996 -1.1854337 -0.7749996 -1.1454337 0 P 0
L -0.775134 2.5413386 -0.7584727 2.5413386 0 P 0
L -0.775134 2.5913224 -0.7834646 2.5829918 0 P 0
L -0.7834646 2.5496692 -0.775134 2.5413386 0 P 0
L -0.7834646 2.5829918 -0.7834646 2.5496692 0 P 0
L -0.7855115 0.9466929 -0.7855115 0.9666929 0 P 0
L -0.7955115 0.9366929 -0.7955115 0.9466929 0 P 0
L -0.7955115 0.9466929 -0.7855115 0.9466929 0 P 0
L -0.7955115 0.9666929 -0.7855115 0.9666929 0 P 0
L -0.7955115 0.9666929 -0.7955115 0.9766929 0 P 0
L -0.8155115 0.9366929 -0.7955115 0.9366929 0 P 0
L -0.8155115 0.9366929 -0.8155115 0.9466929 0 P 0
L -0.8155115 0.9666929 -0.8155115 0.9766929 0 P 0
L -0.8155115 0.9766929 -0.7955115 0.9766929 0 P 0
L -0.8255115 0.9466929 -0.8155115 0.9466929 0 P 0
L -0.8255115 0.9466929 -0.8255115 0.9666929 0 P 0
L -0.8255115 0.9666929 -0.8155115 0.9666929 0 P 0
L -0.8298032 1.1719291 -0.8298032 1.2119291 0 P 0
L -0.8298032 2.1725039 -0.8298032 2.2125039 0 P 0
L -0.8349996 -1.1854337 -0.8349996 -1.1454337 0 P 0
L -0.8698032 1.1719291 -0.8298032 1.1719291 0 P 0
L -0.8698032 1.1719291 -0.8698032 1.2119291 0 P 0
L -0.8698032 1.2119291 -0.8298032 1.2119291 0 P 0
L -0.8698032 2.1725039 -0.8298032 2.1725039 0 P 0
L -0.8698032 2.1725039 -0.8698032 2.2125039 0 P 0
L -0.8698032 2.2125039 -0.8298032 2.2125039 0 P 0
L -0.8749996 -1.1454337 -0.8349996 -1.1454337 0 P 0
L -0.8749996 -1.1854337 -0.8349996 -1.1854337 0 P 0
L -0.8749996 -1.1854337 -0.8749996 -1.1454337 0 P 0
L -0.8855115 0.9466929 -0.8855115 0.9666929 0 P 0
L -0.8955115 0.9366929 -0.8955115 0.9466929 0 P 0
L -0.8955115 0.9466929 -0.8855115 0.9466929 0 P 0
L -0.8955115 0.9666929 -0.8855115 0.9666929 0 P 0
L -0.8955115 0.9666929 -0.8955115 0.9766929 0 P 0
L -0.9155115 0.9366929 -0.8955115 0.9366929 0 P 0
L -0.9155115 0.9366929 -0.9155115 0.9466929 0 P 0
L -0.9155115 0.9666929 -0.9155115 0.9766929 0 P 0
L -0.9155115 0.9766929 -0.8955115 0.9766929 0 P 0
L -0.9255115 0.9466929 -0.9155115 0.9466929 0 P 0
L -0.9255115 0.9466929 -0.9255115 0.9666929 0 P 0
L -0.9255115 0.9666929 -0.9155115 0.9666929 0 P 0
L -0.9349996 -1.1854337 -0.9349996 -1.1454337 0 P 0
L -0.9749996 -1.1454337 -0.9349996 -1.1454337 0 P 0
L -0.9749996 -1.1854337 -0.9349996 -1.1854337 0 P 0
L -0.9749996 -1.1854337 -0.9749996 -1.1454337 0 P 0
L -0.9787011 -0.1675197 -0.9687011 -0.1675197 0 P 0
L -0.9787011 -0.1775197 -0.9687011 -0.1675197 0 P 0
L -0.9787011 -0.1775197 -0.9687011 -0.1875197 0 P 0
L -0.9787011 -0.1875197 -0.9687011 -0.1875197 0 P 0
L -0.9787011 -0.6775197 -0.9687011 -0.6775197 0 P 0
L -0.9787011 -0.6875197 -0.9687011 -0.6775197 0 P 0
L -0.9787011 -0.6875197 -0.9687011 -0.6975197 0 P 0
L -0.9787011 -0.6975197 -0.9687011 -0.6975197 0 P 0
L -0.9787164 -1.6254337 -0.9687164 -1.6254337 0 P 0
L -0.9787164 -1.6354337 -0.9687164 -1.6254337 0 P 0
L -0.9787164 -1.6354337 -0.9687164 -1.6454337 0 P 0
L -0.9787164 -1.6454337 -0.9687164 -1.6454337 0 P 0
L -0.9787164 -2.1354337 -0.9687164 -2.1354337 0 P 0
L -0.9787164 -2.1454337 -0.9687164 -2.1354337 0 P 0
L -0.9787164 -2.1454337 -0.9687164 -2.1554337 0 P 0
L -0.9787164 -2.1554337 -0.9687164 -2.1554337 0 P 0
L -0.9814412 2.1843697 -0.9897719 2.1927003 0 P 0
L -0.9827011 -0.1715197 -0.9767011 -0.1715197 0 P 0
L -0.9827011 -0.1775197 -0.9767011 -0.1715197 0 P 0
L -0.9827011 -0.1775197 -0.9767011 -0.1835197 0 P 0
L -0.9827011 -0.1835197 -0.9767011 -0.1835197 0 P 0
L -0.9827011 -0.6815197 -0.9767011 -0.6815197 0 P 0
L -0.9827011 -0.6875197 -0.9767011 -0.6815197 0 P 0
L -0.9827011 -0.6875197 -0.9767011 -0.6935197 0 P 0
L -0.9827011 -0.6935197 -0.9767011 -0.6935197 0 P 0
L -0.9827164 -1.6294337 -0.9767164 -1.6294337 0 P 0
L -0.9827164 -1.6354337 -0.9767164 -1.6294337 0 P 0
L -0.9827164 -1.6354337 -0.9767164 -1.6414337 0 P 0
L -0.9827164 -1.6414337 -0.9767164 -1.6414337 0 P 0
L -0.9827164 -2.1394337 -0.9767164 -2.1394337 0 P 0
L -0.9827164 -2.1454337 -0.9767164 -2.1394337 0 P 0
L -0.9827164 -2.1454337 -0.9767164 -2.1514337 0 P 0
L -0.9827164 -2.1514337 -0.9767164 -2.1514337 0 P 0
L -0.9887011 -0.1575197 -0.9787011 -0.1675197 0 P 0
L -0.9887011 -0.1655197 -0.9827011 -0.1715197 0 P 0
L -0.9887011 -0.1895197 -0.9827011 -0.1835197 0 P 0
L -0.9887011 -0.1975197 -0.9787011 -0.1875197 0 P 0
L -0.9887011 -0.6675197 -0.9787011 -0.6775197 0 P 0
L -0.9887011 -0.6755197 -0.9827011 -0.6815197 0 P 0
L -0.9887011 -0.6995197 -0.9827011 -0.6935197 0 P 0
L -0.9887011 -0.7075197 -0.9787011 -0.6975197 0 P 0
L -0.9887164 -1.6154337 -0.9787164 -1.6254337 0 P 0
L -0.9887164 -1.6234337 -0.9827164 -1.6294337 0 P 0
L -0.9887164 -1.6474337 -0.9827164 -1.6414337 0 P 0
L -0.9887164 -1.6554337 -0.9787164 -1.6454337 0 P 0
L -0.9887164 -2.1254337 -0.9787164 -2.1354337 0 P 0
L -0.9887164 -2.1334337 -0.9827164 -2.1394337 0 P 0
L -0.9887164 -2.1574337 -0.9827164 -2.1514337 0 P 0
L -0.9887164 -2.1654337 -0.9787164 -2.1554337 0 P 0
L -0.9897719 2.1427165 -0.9814412 2.1510471 0 P 0
L -0.9897719 2.1927003 -1.0064332 2.1927003 0 P 0
L -0.9947011 -0.1715197 -0.9887011 -0.1655197 0 P 0
L -0.9947011 -0.1835197 -0.9887011 -0.1895197 0 P 0
L -0.9947011 -0.6815197 -0.9887011 -0.6755197 0 P 0
L -0.9947011 -0.6935197 -0.9887011 -0.6995197 0 P 0
L -0.9947164 -1.6294337 -0.9887164 -1.6234337 0 P 0
L -0.9947164 -1.6414337 -0.9887164 -1.6474337 0 P 0
L -0.9947164 -2.1394337 -0.9887164 -2.1334337 0 P 0
L -0.9947164 -2.1514337 -0.9887164 -2.1574337 0 P 0
L -0.9987011 -0.1675197 -0.9887011 -0.1575197 0 P 0
L -0.9987011 -0.1875197 -0.9887011 -0.1975197 0 P 0
L -0.9987011 -0.6775197 -0.9887011 -0.6675197 0 P 0
L -0.9987011 -0.6975197 -0.9887011 -0.7075197 0 P 0
L -0.9987164 -1.6254337 -0.9887164 -1.6154337 0 P 0
L -0.9987164 -1.6454337 -0.9887164 -1.6554337 0 P 0
L -0.9987164 -2.1354337 -0.9887164 -2.1254337 0 P 0
L -0.9987164 -2.1554337 -0.9887164 -2.1654337 0 P 0
L -1.0007011 -0.1715197 -0.9947011 -0.1715197 0 P 0
L -1.0007011 -0.1715197 -0.9947011 -0.1775197 0 P 0
L -1.0007011 -0.1835197 -0.9947011 -0.1775197 0 P 0
L -1.0007011 -0.1835197 -0.9947011 -0.1835197 0 P 0
L -1.0007011 -0.6815197 -0.9947011 -0.6815197 0 P 0
L -1.0007011 -0.6815197 -0.9947011 -0.6875197 0 P 0
L -1.0007011 -0.6935197 -0.9947011 -0.6875197 0 P 0
L -1.0007011 -0.6935197 -0.9947011 -0.6935197 0 P 0
L -1.0007164 -1.6294337 -0.9947164 -1.6294337 0 P 0
L -1.0007164 -1.6294337 -0.9947164 -1.6354337 0 P 0
L -1.0007164 -1.6414337 -0.9947164 -1.6354337 0 P 0
L -1.0007164 -1.6414337 -0.9947164 -1.6414337 0 P 0
L -1.0007164 -2.1394337 -0.9947164 -2.1394337 0 P 0
L -1.0007164 -2.1394337 -0.9947164 -2.1454337 0 P 0
L -1.0007164 -2.1514337 -0.9947164 -2.1454337 0 P 0
L -1.0007164 -2.1514337 -0.9947164 -2.1514337 0 P 0
L -1.0064332 2.1427165 -0.9897719 2.1427165 0 P 0
L -1.0064332 2.1927003 -1.0147638 2.1843697 0 P 0
L -1.0087011 -0.1675197 -0.9987011 -0.1675197 0 P 0
L -1.0087011 -0.1675197 -0.9987011 -0.1775197 0 P 0
L -1.0087011 -0.1875197 -0.9987011 -0.1775197 0 P 0
L -1.0087011 -0.1875197 -0.9987011 -0.1875197 0 P 0
L -1.0087011 -0.6775197 -0.9987011 -0.6775197 0 P 0
L -1.0087011 -0.6775197 -0.9987011 -0.6875197 0 P 0
L -1.0087011 -0.6975197 -0.9987011 -0.6875197 0 P 0
L -1.0087011 -0.6975197 -0.9987011 -0.6975197 0 P 0
L -1.0087164 -1.6254337 -0.9987164 -1.6254337 0 P 0
L -1.0087164 -1.6254337 -0.9987164 -1.6354337 0 P 0
L -1.0087164 -1.6454337 -0.9987164 -1.6354337 0 P 0
L -1.0087164 -1.6454337 -0.9987164 -1.6454337 0 P 0
L -1.0087164 -2.1354337 -0.9987164 -2.1354337 0 P 0
L -1.0087164 -2.1354337 -0.9987164 -2.1454337 0 P 0
L -1.0087164 -2.1554337 -0.9987164 -2.1454337 0 P 0
L -1.0087164 -2.1554337 -0.9987164 -2.1554337 0 P 0
L -1.0147638 2.1510471 -1.0064332 2.1427165 0 P 0
L -1.0147638 2.1843697 -1.0147638 2.1510471 0 P 0
L -1.0349996 -1.1854337 -1.0349996 -1.1454337 0 P 0
L -1.0749996 -1.1454337 -1.0349996 -1.1454337 0 P 0
L -1.0749996 -1.1854337 -1.0349996 -1.1854337 0 P 0
L -1.0749996 -1.1854337 -1.0749996 -1.1454337 0 P 0
L -1.1103782 0.8595666 -1.1187089 0.8678972 0 P 0
L -1.1187089 0.8179134 -1.1103782 0.826244 0 P 0
L -1.1187089 0.8678972 -1.1353702 0.8678972 0 P 0
L -1.1231735 -1.2181893 -1.1315042 -1.2098587 0 P 0
L -1.1231735 -1.3717326 -1.1315042 -1.363402 0 P 0
L -1.1315042 -1.2098587 -1.1481655 -1.2098587 0 P 0
L -1.1315042 -1.2598425 -1.1231735 -1.2515119 0 P 0
L -1.1315042 -1.363402 -1.1481655 -1.363402 0 P 0
L -1.1315042 -1.4133858 -1.1231735 -1.4050552 0 P 0
L -1.1349996 -1.1854337 -1.1349996 -1.1454337 0 P 0
L -1.1353702 0.8179134 -1.1187089 0.8179134 0 P 0
L -1.1353702 0.8678972 -1.1437008 0.8595666 0 P 0
L -1.1437008 0.826244 -1.1353702 0.8179134 0 P 0
L -1.1437008 0.8595666 -1.1437008 0.826244 0 P 0
L -1.1458113 1.8585823 -1.154142 1.8669129 0 P 0
L -1.1481655 -1.2098587 -1.1564961 -1.2181893 0 P 0
L -1.1481655 -1.2598425 -1.1315042 -1.2598425 0 P 0
L -1.1481655 -1.363402 -1.1564961 -1.3717326 0 P 0
L -1.1481655 -1.4133858 -1.1315042 -1.4133858 0 P 0
L -1.154142 1.8169291 -1.1458113 1.8252597 0 P 0
L -1.154142 1.8669129 -1.1708033 1.8669129 0 P 0
L -1.1564961 -1.2181893 -1.1564961 -1.2515119 0 P 0
L -1.1564961 -1.2515119 -1.1481655 -1.2598425 0 P 0
L -1.1564961 -1.3717326 -1.1564961 -1.4050552 0 P 0
L -1.1564961 -1.4050552 -1.1481655 -1.4133858 0 P 0
L -1.1708033 1.8169291 -1.154142 1.8169291 0 P 0
L -1.1708033 1.8669129 -1.1791339 1.8585823 0 P 0
L -1.1749996 -1.1454337 -1.1349996 -1.1454337 0 P 0
L -1.1749996 -1.1854337 -1.1349996 -1.1854337 0 P 0
L -1.1749996 -1.1854337 -1.1749996 -1.1454337 0 P 0
L -1.1791339 1.8252597 -1.1708033 1.8169291 0 P 0
L -1.1791339 1.8585823 -1.1791339 1.8252597 0 P 0
L -1.2324254 2.3782674 -1.2407561 2.386598 0 P 0
L -1.2407561 2.3366142 -1.2324254 2.3449448 0 P 0
L -1.2407561 2.386598 -1.2574174 2.386598 0 P 0
L -1.2574174 2.3366142 -1.2407561 2.3366142 0 P 0
L -1.2574174 2.386598 -1.265748 2.3782674 0 P 0
L -1.265748 2.3449448 -1.2574174 2.3366142 0 P 0
L -1.265748 2.3782674 -1.265748 2.3449448 0 P 0
L -1.2792121 0.9642528 -1.2792121 1.0042528 0 P 0
L -1.2973861 1.8585823 -1.3057168 1.8669129 0 P 0
L -1.3057168 1.8169291 -1.2973861 1.8252597 0 P 0
L -1.3057168 1.8669129 -1.3223781 1.8669129 0 P 0
L -1.3190396 -0.9770475 -1.3273703 -0.9687169 0 P 0
L -1.3190396 -2.1020476 -1.3273703 -2.093717 0 P 0
L -1.3192121 0.9642528 -1.2792121 0.9642528 0 P 0
L -1.3192121 0.9642528 -1.3192121 1.0042528 0 P 0
L -1.3192121 1.0042528 -1.2792121 1.0042528 0 P 0
L -1.3223781 1.8169291 -1.3057168 1.8169291 0 P 0
L -1.3223781 1.8669129 -1.3307087 1.8585823 0 P 0
L -1.3273703 -0.9687169 -1.3440316 -0.9687169 0 P 0
L -1.3273703 -1.0187007 -1.3190396 -1.0103701 0 P 0
L -1.3273703 -2.093717 -1.3440316 -2.093717 0 P 0
L -1.3273703 -2.1437008 -1.3190396 -2.1353702 0 P 0
L -1.3307087 1.8252597 -1.3223781 1.8169291 0 P 0
L -1.3307087 1.8585823 -1.3307087 1.8252597 0 P 0
L -1.3325205 0.0000008 -1.3225205 -0.0199992 0 P 0
L -1.3325205 0.0000008 -1.3225205 0.0200008 0 P 0
L -1.3365205 0.0000008 -1.3305205 -0.0119992 0 P 0
L -1.3365205 0.0000008 -1.3305205 0.0120008 0 P 0
L -1.3425205 -0.0059992 -1.3305205 -0.0119992 0 P 0
L -1.3425205 -0.0099992 -1.3225205 -0.0199992 0 P 0
L -1.3425205 0.0060008 -1.3305205 0.0120008 0 P 0
L -1.3425205 0.0100008 -1.3225205 0.0200008 0 P 0
L -1.3440316 -0.9687169 -1.3523622 -0.9770475 0 P 0
L -1.3440316 -1.0187007 -1.3273703 -1.0187007 0 P 0
L -1.3440316 -2.093717 -1.3523622 -2.1020476 0 P 0
L -1.3440316 -2.1437008 -1.3273703 -2.1437008 0 P 0
L -1.3473225 -0.1184252 -1.3473225 -0.0784252 0 P 0
L -1.3473225 0.0882668 -1.3473225 0.1282668 0 P 0
L -1.3473225 0.0882668 -1.3473225 0.1282668 0 P 0
L -1.3523622 -0.9770475 -1.3523622 -1.0103701 0 P 0
L -1.3523622 -1.0103701 -1.3440316 -1.0187007 0 P 0
L -1.3523622 -2.1020476 -1.3523622 -2.1353702 0 P 0
L -1.3523622 -2.1353702 -1.3440316 -2.1437008 0 P 0
L -1.3545205 -0.0119992 -1.3425205 -0.0059992 0 P 0
L -1.3545205 -0.0119992 -1.3485205 0.0000008 0 P 0
L -1.3545205 0.0120008 -1.3425205 0.0060008 0 P 0
L -1.3545205 0.0120008 -1.3485205 0.0000008 0 P 0
L -1.3625205 -0.0199992 -1.3425205 -0.0099992 0 P 0
L -1.3625205 -0.0199992 -1.3525205 0.0000008 0 P 0
L -1.3625205 0.0200008 -1.3425205 0.0100008 0 P 0
L -1.3625205 0.0200008 -1.3525205 0.0000008 0 P 0
L -1.3792121 0.9642528 -1.3792121 1.0042528 0 P 0
L -1.3873225 -0.0784252 -1.3473225 -0.0784252 0 P 0
L -1.3873225 -0.1184252 -1.3473225 -0.1184252 0 P 0
L -1.3873225 -0.1184252 -1.3873225 -0.0784252 0 P 0
L -1.3873225 0.0882668 -1.3473225 0.0882668 0 P 0
L -1.3873225 0.0882668 -1.3473225 0.0882668 0 P 0
L -1.3873225 0.0882668 -1.3873225 0.1282668 0 P 0
L -1.3873225 0.0882668 -1.3873225 0.1282668 0 P 0
L -1.3873225 0.1282668 -1.3473225 0.1282668 0 P 0
L -1.3873225 0.1282668 -1.3473225 0.1282668 0 P 0
L -1.4135278 2.0032674 -1.4218585 2.011598 0 P 0
L -1.4192121 0.9642528 -1.3792121 0.9642528 0 P 0
L -1.4192121 0.9642528 -1.4192121 1.0042528 0 P 0
L -1.4192121 1.0042528 -1.3792121 1.0042528 0 P 0
L -1.4218585 1.9616142 -1.4135278 1.9699448 0 P 0
L -1.4218585 2.011598 -1.4385198 2.011598 0 P 0
L -1.4385198 1.9616142 -1.4218585 1.9616142 0 P 0
L -1.4385198 2.011598 -1.4468504 2.0032674 0 P 0
L -1.4468504 1.9699448 -1.4385198 1.9616142 0 P 0
L -1.4468504 2.0032674 -1.4468504 1.9699448 0 P 0
L -1.4473225 -0.1184252 -1.4473225 -0.0784252 0 P 0
L -1.4473225 0.0882668 -1.4473225 0.1282668 0 P 0
L -1.4559996 -1.1554337 -1.4559996 -1.1454337 0 P 0
L -1.4559996 -1.1854337 -1.4559996 -1.1754337 0 P 0
L -1.4659996 -1.1454337 -1.4559996 -1.1454337 0 P 0
L -1.4659996 -1.1654337 -1.4559996 -1.1554337 0 P 0
L -1.4659996 -1.1654337 -1.4559996 -1.1754337 0 P 0
L -1.4659996 -1.1854337 -1.4559996 -1.1854337 0 P 0
L -1.4759996 -1.1554337 -1.4659996 -1.1454337 0 P 0
L -1.4759996 -1.1754337 -1.4659996 -1.1854337 0 P 0
L -1.4792121 0.9642528 -1.4792121 1.0042528 0 P 0
L -1.4821265 0.0000008 -1.4721265 -0.0199992 0 P 0
L -1.4821265 0.0000008 -1.4721265 0.0200008 0 P 0
L -1.4859996 -1.1454337 -1.4759996 -1.1554337 0 P 0
L -1.4859996 -1.1854337 -1.4759996 -1.1754337 0 P 0
L -1.4861265 0.0000008 -1.4801265 -0.0119992 0 P 0
L -1.4861265 0.0000008 -1.4801265 0.0120008 0 P 0
L -1.4873225 -0.0784252 -1.4473225 -0.0784252 0 P 0
L -1.4873225 -0.1184252 -1.4473225 -0.1184252 0 P 0
L -1.4873225 -0.1184252 -1.4873225 -0.0784252 0 P 0
L -1.4873225 0.0882668 -1.4473225 0.0882668 0 P 0
L -1.4873225 0.0882668 -1.4873225 0.1282668 0 P 0
L -1.4873225 0.1282668 -1.4473225 0.1282668 0 P 0
L -1.4921265 -0.0059992 -1.4801265 -0.0119992 0 P 0
L -1.4921265 -0.0099992 -1.4721265 -0.0199992 0 P 0
L -1.4921265 0.0060008 -1.4801265 0.0120008 0 P 0
L -1.4921265 0.0100008 -1.4721265 0.0200008 0 P 0
L -1.4959996 -1.1454337 -1.4859996 -1.1454337 0 P 0
L -1.4959996 -1.1554337 -1.4859996 -1.1654337 0 P 0
L -1.4959996 -1.1554337 -1.4959996 -1.1454337 0 P 0
L -1.4959996 -1.1754337 -1.4859996 -1.1654337 0 P 0
L -1.4959996 -1.1854337 -1.4859996 -1.1854337 0 P 0
L -1.4959996 -1.1854337 -1.4959996 -1.1754337 0 P 0
L -1.4973225 -0.1930712 -1.4973225 -0.1730712 0 P 0
L -1.5041265 -0.0119992 -1.4921265 -0.0059992 0 P 0
L -1.5041265 -0.0119992 -1.4981265 0.0000008 0 P 0
L -1.5041265 0.0120008 -1.4921265 0.0060008 0 P 0
L -1.5041265 0.0120008 -1.4981265 0.0000008 0 P 0
L -1.5053225 -0.1890712 -1.5053225 -0.1770712 0 P 0
L -1.5073225 -0.1730712 -1.4973225 -0.1730712 0 P 0
L -1.5073225 -0.1730712 -1.5073225 -0.1630712 0 P 0
L -1.5073225 -0.1930712 -1.4973225 -0.1930712 0 P 0
L -1.5073225 -0.2030712 -1.5073225 -0.1930712 0 P 0
L -1.5113225 -0.1770712 -1.5053225 -0.1770712 0 P 0
L -1.5113225 -0.1770712 -1.5113225 -0.1710712 0 P 0
L -1.5113225 -0.1890712 -1.5053225 -0.1890712 0 P 0
L -1.5113225 -0.1950712 -1.5113225 -0.1890712 0 P 0
L -1.5121265 -0.0199992 -1.4921265 -0.0099992 0 P 0
L -1.5121265 -0.0199992 -1.5021265 0.0000008 0 P 0
L -1.5121265 0.0200008 -1.4921265 0.0100008 0 P 0
L -1.5121265 0.0200008 -1.5021265 0.0000008 0 P 0
L -1.5192121 0.9642528 -1.4792121 0.9642528 0 P 0
L -1.5192121 0.9642528 -1.5192121 1.0042528 0 P 0
L -1.5192121 1.0042528 -1.4792121 1.0042528 0 P 0
L -1.5233225 -0.1710712 -1.5113225 -0.1710712 0 P 0
L -1.5233225 -0.1770712 -1.5233225 -0.1710712 0 P 0
L -1.5233225 -0.1950712 -1.5113225 -0.1950712 0 P 0
L -1.5233225 -0.1950712 -1.5233225 -0.1890712 0 P 0
L -1.5273225 -0.1630712 -1.5073225 -0.1630712 0 P 0
L -1.5273225 -0.1730712 -1.5273225 -0.1630712 0 P 0
L -1.5273225 -0.2030712 -1.5073225 -0.2030712 0 P 0
L -1.5273225 -0.2030712 -1.5273225 -0.1930712 0 P 0
L -1.5293225 -0.1770712 -1.5233225 -0.1770712 0 P 0
L -1.5293225 -0.1890712 -1.5233225 -0.1890712 0 P 0
L -1.5293225 -0.1890712 -1.5293225 -0.1770712 0 P 0
L -1.5373225 -0.1730712 -1.5273225 -0.1730712 0 P 0
L -1.5373225 -0.1930712 -1.5273225 -0.1930712 0 P 0
L -1.5373225 -0.1930712 -1.5373225 -0.1730712 0 P 0
L -1.6158266 -0.9664167 -1.6158266 -0.9264167 0 P 0
L -1.6158266 -1.2223227 -1.6158266 -1.1823227 0 P 0
L -1.6158269 -1.3158275 -1.6158269 -1.2758275 0 P 0
L -1.6158269 -1.5717315 -1.6158269 -1.5317315 0 P 0
L -1.6532283 0.7083465 -1.6532283 0.7183465 0 P 0
L -1.6532283 0.7383465 -1.6532283 0.7483465 0 P 0
L -1.6532283 1.968189 -1.6532283 1.978189 0 P 0
L -1.6532283 1.998189 -1.6532283 2.008189 0 P 0
L -1.6541339 -0.7183465 -1.6541339 -0.7083465 0 P 0
L -1.6541339 -0.7483465 -1.6541339 -0.7383465 0 P 0
L -1.6558266 -0.9264167 -1.6158266 -0.9264167 0 P 0
L -1.6558266 -0.9664167 -1.6158266 -0.9664167 0 P 0
L -1.6558266 -0.9664167 -1.6558266 -0.9264167 0 P 0
L -1.6558266 -1.1823227 -1.6158266 -1.1823227 0 P 0
L -1.6558266 -1.2223227 -1.6158266 -1.2223227 0 P 0
L -1.6558266 -1.2223227 -1.6558266 -1.1823227 0 P 0
L -1.6558269 -1.2758275 -1.6158269 -1.2758275 0 P 0
L -1.6558269 -1.3158275 -1.6158269 -1.3158275 0 P 0
L -1.6558269 -1.3158275 -1.6558269 -1.2758275 0 P 0
L -1.6558269 -1.5317315 -1.6158269 -1.5317315 0 P 0
L -1.6558269 -1.5717315 -1.6158269 -1.5717315 0 P 0
L -1.6558269 -1.5717315 -1.6558269 -1.5317315 0 P 0
L -1.6612283 0.7163465 -1.6612283 0.7223465 0 P 0
L -1.6612283 0.7343465 -1.6612283 0.7403465 0 P 0
L -1.6612283 1.976189 -1.6612283 1.982189 0 P 0
L -1.6612283 1.994189 -1.6612283 2.000189 0 P 0
L -1.6613544 -1.7433457 -1.6413544 -1.7633457 0 P 0
L -1.6613544 -1.7833457 -1.6413544 -1.7633457 0 P 0
L -1.6621339 -0.7223465 -1.6621339 -0.7163465 0 P 0
L -1.6621339 -0.7403465 -1.6621339 -0.7343465 0 P 0
L -1.6632283 0.7083465 -1.6532283 0.7083465 0 P 0
L -1.6632283 0.7283465 -1.6532283 0.7183465 0 P 0
L -1.6632283 0.7283465 -1.6532283 0.7383465 0 P 0
L -1.6632283 0.7483465 -1.6532283 0.7483465 0 P 0
L -1.6632283 1.968189 -1.6532283 1.968189 0 P 0
L -1.6632283 1.988189 -1.6532283 1.978189 0 P 0
L -1.6632283 1.988189 -1.6532283 1.998189 0 P 0
L -1.6632283 2.008189 -1.6532283 2.008189 0 P 0
L -1.6641339 -0.7083465 -1.6541339 -0.7083465 0 P 0
L -1.6641339 -0.7283465 -1.6541339 -0.7183465 0 P 0
L -1.6641339 -0.7283465 -1.6541339 -0.7383465 0 P 0
L -1.6641339 -0.7483465 -1.6541339 -0.7483465 0 P 0
L -1.6672283 0.7163465 -1.6612283 0.7163465 0 P 0
L -1.6672283 0.7283465 -1.6612283 0.7223465 0 P 0
L -1.6672283 0.7283465 -1.6612283 0.7343465 0 P 0
L -1.6672283 0.7403465 -1.6612283 0.7403465 0 P 0
L -1.6672283 1.976189 -1.6612283 1.976189 0 P 0
L -1.6672283 1.988189 -1.6612283 1.982189 0 P 0
L -1.6672283 1.988189 -1.6612283 1.994189 0 P 0
L -1.6672283 2.000189 -1.6612283 2.000189 0 P 0
L -1.6681339 -0.7163465 -1.6621339 -0.7163465 0 P 0
L -1.6681339 -0.7283465 -1.6621339 -0.7223465 0 P 0
L -1.6681339 -0.7283465 -1.6621339 -0.7343465 0 P 0
L -1.6681339 -0.7403465 -1.6621339 -0.7403465 0 P 0
L -1.6732283 0.7183465 -1.6632283 0.7083465 0 P 0
L -1.6732283 0.7223465 -1.6672283 0.7163465 0 P 0
L -1.6732283 0.7343465 -1.6672283 0.7403465 0 P 0
L -1.6732283 0.7383465 -1.6632283 0.7483465 0 P 0
L -1.6732283 1.978189 -1.6632283 1.968189 0 P 0
L -1.6732283 1.982189 -1.6672283 1.976189 0 P 0
L -1.6732283 1.994189 -1.6672283 2.000189 0 P 0
L -1.6732283 1.998189 -1.6632283 2.008189 0 P 0
L -1.6741339 -0.7183465 -1.6641339 -0.7083465 0 P 0
L -1.6741339 -0.7223465 -1.6681339 -0.7163465 0 P 0
L -1.6741339 -0.7343465 -1.6681339 -0.7403465 0 P 0
L -1.6741339 -0.7383465 -1.6641339 -0.7483465 0 P 0
L -1.6792283 0.7163465 -1.6732283 0.7223465 0 P 0
L -1.6792283 0.7403465 -1.6732283 0.7343465 0 P 0
L -1.6792283 1.976189 -1.6732283 1.982189 0 P 0
L -1.6792283 2.000189 -1.6732283 1.994189 0 P 0
L -1.6801339 -0.7163465 -1.6741339 -0.7223465 0 P 0
L -1.6801339 -0.7403465 -1.6741339 -0.7343465 0 P 0
L -1.6813544 -1.7633457 -1.6613544 -1.7433457 0 P 0
L -1.6813544 -1.7633457 -1.6613544 -1.7833457 0 P 0
L -1.6832283 0.7083465 -1.6732283 0.7183465 0 P 0
L -1.6832283 0.7483465 -1.6732283 0.7383465 0 P 0
L -1.6832283 1.968189 -1.6732283 1.978189 0 P 0
L -1.6832283 2.008189 -1.6732283 1.998189 0 P 0
L -1.6841339 -0.7083465 -1.6741339 -0.7183465 0 P 0
L -1.6841339 -0.7483465 -1.6741339 -0.7383465 0 P 0
L -1.6852283 0.7163465 -1.6792283 0.7163465 0 P 0
L -1.6852283 0.7163465 -1.6852283 0.7223465 0 P 0
L -1.6852283 0.7223465 -1.6792283 0.7283465 0 P 0
L -1.6852283 0.7343465 -1.6792283 0.7283465 0 P 0
L -1.6852283 0.7343465 -1.6852283 0.7403465 0 P 0
L -1.6852283 0.7403465 -1.6792283 0.7403465 0 P 0
L -1.6852283 1.976189 -1.6792283 1.976189 0 P 0
L -1.6852283 1.976189 -1.6852283 1.982189 0 P 0
L -1.6852283 1.982189 -1.6792283 1.988189 0 P 0
L -1.6852283 1.994189 -1.6792283 1.988189 0 P 0
L -1.6852283 1.994189 -1.6852283 2.000189 0 P 0
L -1.6852283 2.000189 -1.6792283 2.000189 0 P 0
L -1.6861339 -0.7163465 -1.6801339 -0.7163465 0 P 0
L -1.6861339 -0.7223465 -1.6801339 -0.7283465 0 P 0
L -1.6861339 -0.7223465 -1.6861339 -0.7163465 0 P 0
L -1.6861339 -0.7343465 -1.6801339 -0.7283465 0 P 0
L -1.6861339 -0.7403465 -1.6801339 -0.7403465 0 P 0
L -1.6861339 -0.7403465 -1.6861339 -0.7343465 0 P 0
L -1.6932283 0.7083465 -1.6832283 0.7083465 0 P 0
L -1.6932283 0.7083465 -1.6932283 0.7183465 0 P 0
L -1.6932283 0.7183465 -1.6832283 0.7283465 0 P 0
L -1.6932283 0.7383465 -1.6832283 0.7283465 0 P 0
L -1.6932283 0.7383465 -1.6932283 0.7483465 0 P 0
L -1.6932283 0.7483465 -1.6832283 0.7483465 0 P 0
L -1.6932283 1.968189 -1.6832283 1.968189 0 P 0
L -1.6932283 1.968189 -1.6932283 1.978189 0 P 0
L -1.6932283 1.978189 -1.6832283 1.988189 0 P 0
L -1.6932283 1.998189 -1.6832283 1.988189 0 P 0
L -1.6932283 1.998189 -1.6932283 2.008189 0 P 0
L -1.6932283 2.008189 -1.6832283 2.008189 0 P 0
L -1.6941339 -0.7083465 -1.6841339 -0.7083465 0 P 0
L -1.6941339 -0.7183465 -1.6841339 -0.7283465 0 P 0
L -1.6941339 -0.7183465 -1.6941339 -0.7083465 0 P 0
L -1.6941339 -0.7383465 -1.6841339 -0.7283465 0 P 0
L -1.6941339 -0.7483465 -1.6841339 -0.7483465 0 P 0
L -1.6941339 -0.7483465 -1.6941339 -0.7383465 0 P 0
L -1.7929926 -0.9664167 -1.7929926 -0.9264167 0 P 0
L -1.7929926 -1.2223227 -1.7929926 -1.1823227 0 P 0
L -1.7929929 -1.3158275 -1.7929929 -1.2758275 0 P 0
L -1.7929929 -1.5717315 -1.7929929 -1.5317315 0 P 0
L -1.8329926 -0.9264167 -1.7929926 -0.9264167 0 P 0
L -1.8329926 -0.9664167 -1.7929926 -0.9664167 0 P 0
L -1.8329926 -0.9664167 -1.8329926 -0.9264167 0 P 0
L -1.8329926 -1.1823227 -1.7929926 -1.1823227 0 P 0
L -1.8329926 -1.2223227 -1.7929926 -1.2223227 0 P 0
L -1.8329926 -1.2223227 -1.8329926 -1.1823227 0 P 0
L -1.8329929 -1.2758275 -1.7929929 -1.2758275 0 P 0
L -1.8329929 -1.3158275 -1.7929929 -1.3158275 0 P 0
L -1.8329929 -1.3158275 -1.8329929 -1.2758275 0 P 0
L -1.8329929 -1.5317315 -1.7929929 -1.5317315 0 P 0
L -1.8329929 -1.5717315 -1.7929929 -1.5717315 0 P 0
L -1.8329929 -1.5717315 -1.8329929 -1.5317315 0 P 0
L -1.8503304 -1.6252357 -1.8303304 -1.6452357 0 P 0
L -1.8503304 -1.6652357 -1.8303304 -1.6452357 0 P 0
L -1.8503304 -1.8535837 -1.8303304 -1.8735837 0 P 0
L -1.8503304 -1.8935837 -1.8303304 -1.8735837 0 P 0
L -1.8703304 -1.6452357 -1.8503304 -1.6252357 0 P 0
L -1.8703304 -1.6452357 -1.8503304 -1.6652357 0 P 0
L -1.8703304 -1.8735837 -1.8503304 -1.8535837 0 P 0
L -1.8703304 -1.8735837 -1.8503304 -1.8935837 0 P 0
L 0.0201969 0.9809843 0.0201969 1.0209843 0 P 0
L 0.0250004 -1.1454337 0.0650004 -1.1454337 0 P 0
L 0.0250004 -1.1854337 0.0250004 -1.1454337 0 P 0
L 0.0250004 -1.1854337 0.0650004 -1.1854337 0 P 0
L 0.0299998 0.7658663 0.0299998 0.8058663 0 P 0
L 0.0299998 0.7658663 0.0699998 0.7658663 0 P 0
L 0.0299998 0.8058663 0.0699998 0.8058663 0 P 0
L 0.0300002 2.4012593 0.0300002 2.4412593 0 P 0
L 0.0300002 2.4012593 0.0700002 2.4012593 0 P 0
L 0.0300002 2.4412593 0.0700002 2.4412593 0 P 0
L 0.0300002 2.6079533 0.0300002 2.6479533 0 P 0
L 0.0300002 2.6079533 0.0300002 2.6479533 0 P 0
L 0.0300002 2.6079533 0.0700002 2.6079533 0 P 0
L 0.0300002 2.6079533 0.0700002 2.6079533 0 P 0
L 0.0300002 2.6479533 0.0700002 2.6479533 0 P 0
L 0.0300002 2.6479533 0.0700002 2.6479533 0 P 0
L 0.0301968 1.1719291 0.0301968 1.2119291 0 P 0
L 0.0301968 1.1719291 0.0701968 1.1719291 0 P 0
L 0.0301968 1.2119291 0.0701968 1.2119291 0 P 0
L 0.0301968 2.1725039 0.0301968 2.2125039 0 P 0
L 0.0301968 2.1725039 0.0701968 2.1725039 0 P 0
L 0.0301968 2.2125039 0.0701968 2.2125039 0 P 0
L 0.0501969 1.2662046 0.0585275 1.257874 0 P 0
L 0.0501969 1.2995272 0.0501969 1.2662046 0 P 0
L 0.0548022 2.4996853 0.0648022 2.5196853 0 P 0
L 0.0548022 2.4996853 0.0748022 2.5096853 0 P 0
L 0.0548022 2.5396853 0.0648022 2.5196853 0 P 0
L 0.0548022 2.5396853 0.0748022 2.5296853 0 P 0
L 0.0585275 1.257874 0.0751888 1.257874 0 P 0
L 0.0585275 1.3078578 0.0501969 1.2995272 0 P 0
L 0.0628022 2.5076853 0.0688022 2.5196853 0 P 0
L 0.0628022 2.5076853 0.0748022 2.5136853 0 P 0
L 0.0628022 2.5316853 0.0688022 2.5196853 0 P 0
L 0.0628022 2.5316853 0.0748022 2.5256853 0 P 0
L 0.0650004 -1.1854337 0.0650004 -1.1454337 0 P 0
L 0.0699998 0.7658663 0.0699998 0.8058663 0 P 0
L 0.0700002 2.4012593 0.0700002 2.4412593 0 P 0
L 0.0700002 2.6079533 0.0700002 2.6479533 0 P 0
L 0.0700002 2.6079533 0.0700002 2.6479533 0 P 0
L 0.0701968 1.1719291 0.0701968 1.2119291 0 P 0
L 0.0701968 2.1725039 0.0701968 2.2125039 0 P 0
L 0.0748022 2.5096853 0.0948022 2.4996853 0 P 0
L 0.0748022 2.5136853 0.0868022 2.5076853 0 P 0
L 0.0748022 2.5256853 0.0868022 2.5316853 0 P 0
L 0.0748022 2.5296853 0.0948022 2.5396853 0 P 0
L 0.0751888 1.257874 0.0835195 1.2662046 0 P 0
L 0.0751888 1.3078578 0.0585275 1.3078578 0 P 0
L 0.0801969 0.9809843 0.0801969 1.0209843 0 P 0
L 0.0801969 0.9809843 0.1201969 0.9809843 0 P 0
L 0.0801969 1.0209843 0.1201969 1.0209843 0 P 0
L 0.0808022 2.5196853 0.0868022 2.5076853 0 P 0
L 0.0808022 2.5196853 0.0868022 2.5316853 0 P 0
L 0.0835195 1.2995272 0.0751888 1.3078578 0 P 0
L 0.0848022 2.5196853 0.0948022 2.4996853 0 P 0
L 0.0848022 2.5196853 0.0948022 2.5396853 0 P 0
L 0.1201969 0.9809843 0.1201969 1.0209843 0 P 0
L 0.1250004 -1.1454337 0.1650004 -1.1454337 0 P 0
L 0.1250004 -1.1854337 0.1250004 -1.1454337 0 P 0
L 0.1250004 -1.1854337 0.1650004 -1.1854337 0 P 0
L 0.1299998 0.7658663 0.1299998 0.8058663 0 P 0
L 0.1299998 0.7658663 0.1699998 0.7658663 0 P 0
L 0.1299998 0.8058663 0.1699998 0.8058663 0 P 0
L 0.1301968 1.1719291 0.1301968 1.2119291 0 P 0
L 0.1301968 1.1719291 0.1701968 1.1719291 0 P 0
L 0.1301968 1.2119291 0.1701968 1.2119291 0 P 0
L 0.1301968 2.1725039 0.1301968 2.2125039 0 P 0
L 0.1301968 2.1725039 0.1701968 2.1725039 0 P 0
L 0.1301968 2.2125039 0.1701968 2.2125039 0 P 0
L 0.1564961 1.6264408 0.1648267 1.6181102 0 P 0
L 0.1564961 1.6597634 0.1564961 1.6264408 0 P 0
L 0.1594488 2.6362834 0.1677794 2.6279528 0 P 0
L 0.1594488 2.669606 0.1594488 2.6362834 0 P 0
L 0.1648267 1.6181102 0.181488 1.6181102 0 P 0
L 0.1648267 1.668094 0.1564961 1.6597634 0 P 0
L 0.1650004 -1.1854337 0.1650004 -1.1454337 0 P 0
L 0.1677794 2.6279528 0.1844407 2.6279528 0 P 0
L 0.1677794 2.6779366 0.1594488 2.669606 0 P 0
L 0.1699998 0.7658663 0.1699998 0.8058663 0 P 0
L 0.1701968 1.1719291 0.1701968 1.2119291 0 P 0
L 0.1701968 2.1725039 0.1701968 2.2125039 0 P 0
L 0.1801969 0.9809843 0.1801969 1.0209843 0 P 0
L 0.1801969 0.9809843 0.2201969 0.9809843 0 P 0
L 0.1801969 1.0209843 0.2201969 1.0209843 0 P 0
L 0.181488 1.6181102 0.1898187 1.6264408 0 P 0
L 0.181488 1.668094 0.1648267 1.668094 0 P 0
L 0.1830709 1.3961259 0.1914015 1.3877953 0 P 0
L 0.1830709 1.4294485 0.1830709 1.3961259 0 P 0
L 0.1844407 2.6279528 0.1927714 2.6362834 0 P 0
L 0.1844407 2.6779366 0.1677794 2.6779366 0 P 0
L 0.1898187 1.6597634 0.181488 1.668094 0 P 0
L 0.1914015 1.3877953 0.2080628 1.3877953 0 P 0
L 0.1914015 1.4377791 0.1830709 1.4294485 0 P 0
L 0.1927714 2.669606 0.1844407 2.6779366 0 P 0
L 0.2080628 1.3877953 0.2163935 1.3961259 0 P 0
L 0.2080628 1.4377791 0.1914015 1.4377791 0 P 0
L 0.2163935 1.4294485 0.2080628 1.4377791 0 P 0
L 0.2201969 0.9809843 0.2201969 1.0209843 0 P 0
L 0.2250004 -1.1454337 0.2650004 -1.1454337 0 P 0
L 0.2250004 -1.1854337 0.2250004 -1.1454337 0 P 0
L 0.2250004 -1.1854337 0.2650004 -1.1854337 0 P 0
L 0.2273622 2.4099054 0.2356928 2.4015748 0 P 0
L 0.2273622 2.443228 0.2273622 2.4099054 0 P 0
L 0.2283465 -1.28315 0.2283465 -1.3164726 0 P 0
L 0.2283465 -1.3164726 0.2366771 -1.3248032 0 P 0
L 0.2299998 0.7658663 0.2299998 0.8058663 0 P 0
L 0.2299998 0.7658663 0.2699998 0.7658663 0 P 0
L 0.2299998 0.8058663 0.2699998 0.8058663 0 P 0
L 0.2301968 1.1719291 0.2301968 1.2119291 0 P 0
L 0.2301968 1.1719291 0.2701968 1.1719291 0 P 0
L 0.2301968 1.2119291 0.2701968 1.2119291 0 P 0
L 0.2301968 2.1725039 0.2301968 2.2125039 0 P 0
L 0.2301968 2.1725039 0.2701968 2.1725039 0 P 0
L 0.2301968 2.2125039 0.2701968 2.2125039 0 P 0
L 0.2356928 2.4015748 0.2523541 2.4015748 0 P 0
L 0.2356928 2.4515586 0.2273622 2.443228 0 P 0
L 0.2366771 -1.2748194 0.2283465 -1.28315 0 P 0
L 0.2366771 -1.3248032 0.2533384 -1.3248032 0 P 0
L 0.25 1.1284093 0.2583306 1.1200787 0 P 0
L 0.25 1.1617319 0.25 1.1284093 0 P 0
L 0.2523541 2.4015748 0.2606848 2.4099054 0 P 0
L 0.2523541 2.4515586 0.2356928 2.4515586 0 P 0
L 0.2533384 -1.2748194 0.2366771 -1.2748194 0 P 0
L 0.2533384 -1.3248032 0.2616691 -1.3164726 0 P 0
L 0.2583306 1.1200787 0.2749919 1.1200787 0 P 0
L 0.2583306 1.1700625 0.25 1.1617319 0 P 0
L 0.2606848 2.443228 0.2523541 2.4515586 0 P 0
L 0.2616691 -1.28315 0.2533384 -1.2748194 0 P 0
L 0.2650004 -1.1854337 0.2650004 -1.1454337 0 P 0
L 0.2699998 0.7658663 0.2699998 0.8058663 0 P 0
L 0.2701968 1.1719291 0.2701968 1.2119291 0 P 0
L 0.2701968 2.1725039 0.2701968 2.2125039 0 P 0
L 0.2749919 1.1200787 0.2833226 1.1284093 0 P 0
L 0.2749919 1.1700625 0.2583306 1.1700625 0 P 0
L 0.2801969 0.9809843 0.2801969 1.0209843 0 P 0
L 0.2801969 0.9809843 0.3201969 0.9809843 0 P 0
L 0.2801969 1.0209843 0.3201969 1.0209843 0 P 0
L 0.2833226 1.1617319 0.2749919 1.1700625 0 P 0
L 0.3149606 -2.5479371 0.3316219 -2.5312759 0 P 0
L 0.3149606 -2.5812597 0.3149606 -2.5479371 0 P 0
L 0.3149606 1.7435423 0.3149606 1.7768649 0 P 0
L 0.3149606 1.7768649 0.3316219 1.7935261 0 P 0
L 0.3159449 1.9660078 0.3242755 1.9576772 0 P 0
L 0.3159449 1.9993304 0.3159449 1.9660078 0 P 0
L 0.3201969 0.9809843 0.3201969 1.0209843 0 P 0
L 0.3242755 1.9576772 0.3409368 1.9576772 0 P 0
L 0.3242755 2.007661 0.3159449 1.9993304 0 P 0
L 0.3299998 0.7658663 0.3299998 0.8058663 0 P 0
L 0.3299998 0.7658663 0.3699998 0.7658663 0 P 0
L 0.3299998 0.8058663 0.3699998 0.8058663 0 P 0
L 0.3301968 1.1719291 0.3301968 1.2119291 0 P 0
L 0.3301968 1.1719291 0.3701968 1.1719291 0 P 0
L 0.3301968 1.2119291 0.3701968 1.2119291 0 P 0
L 0.3301968 2.1725039 0.3301968 2.2125039 0 P 0
L 0.3301968 2.1725039 0.3701968 2.1725039 0 P 0
L 0.3301968 2.2125039 0.3701968 2.2125039 0 P 0
L 0.3316219 -2.5312759 0.3482832 -2.5479371 0 P 0
L 0.3316219 1.7935261 0.3482832 1.7768649 0 P 0
L 0.3409368 1.9576772 0.3492675 1.9660078 0 P 0
L 0.3409368 2.007661 0.3242755 2.007661 0 P 0
L 0.3482832 -2.5479371 0.3482832 -2.5812597 0 P 0
L 0.3482832 -2.5562678 0.3149606 -2.5562678 0 P 0
L 0.3482832 -2.5812597 0.3482832 -2.5562678 0 P 0
L 0.3482832 1.7435423 0.3482832 1.7685342 0 P 0
L 0.3482832 1.7685342 0.3149606 1.7685342 0 P 0
L 0.3482832 1.7768649 0.3482832 1.7435423 0 P 0
L 0.3492675 1.9993304 0.3409368 2.007661 0 P 0
L 0.3532871 2.4774803 0.3532871 2.5174803 0 P 0
L 0.3532871 2.4774803 0.3932871 2.4774803 0 P 0
L 0.3532871 2.5174803 0.3932871 2.5174803 0 P 0
L 0.3699998 0.7658663 0.3699998 0.8058663 0 P 0
L 0.3701968 1.1719291 0.3701968 1.2119291 0 P 0
L 0.3701968 2.1725039 0.3701968 2.2125039 0 P 0
L 0.3801969 0.9809843 0.3801969 1.0209843 0 P 0
L 0.3801969 0.9809843 0.4201969 0.9809843 0 P 0
L 0.3801969 1.0209843 0.4201969 1.0209843 0 P 0
L 0.3874891 2.5714503 0.3874891 2.6114503 0 P 0
L 0.3874891 2.5714503 0.3874891 2.6114503 0 P 0
L 0.3874891 2.5714503 0.4274891 2.5714503 0 P 0
L 0.3874891 2.5714503 0.4274891 2.5714503 0 P 0
L 0.3874891 2.6114503 0.4274891 2.6114503 0 P 0
L 0.3874891 2.6114503 0.4274891 2.6114503 0 P 0
L 0.3932871 2.4774803 0.3932871 2.5174803 0 P 0
L 0.4055118 1.3016377 0.4138424 1.2933071 0 P 0
L 0.4055118 1.3349603 0.4055118 1.3016377 0 P 0
L 0.4074803 0.1756534 0.4158109 0.1673228 0 P 0
L 0.4074803 0.208976 0.4074803 0.1756534 0 P 0
L 0.4094488 0.0585275 0.4177794 0.0501969 0 P 0
L 0.4094488 0.0918501 0.4094488 0.0585275 0 P 0
L 0.4138424 1.2933071 0.4305037 1.2933071 0 P 0
L 0.4138424 1.3432909 0.4055118 1.3349603 0 P 0
L 0.4158109 0.1673228 0.4324722 0.1673228 0 P 0
L 0.4158109 0.2173066 0.4074803 0.208976 0 P 0
L 0.4177794 0.0501969 0.4344407 0.0501969 0 P 0
L 0.4177794 0.1001807 0.4094488 0.0918501 0 P 0
L 0.4201969 0.9809843 0.4201969 1.0209843 0 P 0
L 0.4274891 2.5714503 0.4274891 2.6114503 0 P 0
L 0.4274891 2.5714503 0.4274891 2.6114503 0 P 0
L 0.4301968 1.1719291 0.4301968 1.2119291 0 P 0
L 0.4301968 1.1719291 0.4701968 1.1719291 0 P 0
L 0.4301968 1.2119291 0.4701968 1.2119291 0 P 0
L 0.4301968 2.1725039 0.4301968 2.2125039 0 P 0
L 0.4301968 2.1725039 0.4701968 2.1725039 0 P 0
L 0.4301968 2.2125039 0.4701968 2.2125039 0 P 0
L 0.4305037 1.2933071 0.4388344 1.3016377 0 P 0
L 0.4305037 1.3432909 0.4138424 1.3432909 0 P 0
L 0.4324722 0.1673228 0.4408029 0.1756534 0 P 0
L 0.4324722 0.2173066 0.4158109 0.2173066 0 P 0
L 0.4344407 0.0501969 0.4427714 0.0585275 0 P 0
L 0.4344407 0.1001807 0.4177794 0.1001807 0 P 0
L 0.4388344 1.3349603 0.4305037 1.3432909 0 P 0
L 0.4408029 0.208976 0.4324722 0.2173066 0 P 0
L 0.4427714 0.0918501 0.4344407 0.1001807 0 P 0
L 0.4465411 2.4171423 0.4565411 2.4371423 0 P 0
L 0.4465411 2.4171423 0.4665411 2.4271423 0 P 0
L 0.4465411 2.4571423 0.4565411 2.4371423 0 P 0
L 0.4465411 2.4571423 0.4665411 2.4471423 0 P 0
L 0.4545411 2.4251423 0.4605411 2.4371423 0 P 0
L 0.4545411 2.4251423 0.4665411 2.4311423 0 P 0
L 0.4545411 2.4491423 0.4605411 2.4371423 0 P 0
L 0.4545411 2.4491423 0.4665411 2.4431423 0 P 0
L 0.4665411 2.4271423 0.4865411 2.4171423 0 P 0
L 0.4665411 2.4311423 0.4785411 2.4251423 0 P 0
L 0.4665411 2.4431423 0.4785411 2.4491423 0 P 0
L 0.4665411 2.4471423 0.4865411 2.4571423 0 P 0
L 0.4701968 1.1719291 0.4701968 1.2119291 0 P 0
L 0.4701968 2.1725039 0.4701968 2.2125039 0 P 0
L 0.4704724 2.0388424 0.478803 2.0305118 0 P 0
L 0.4704724 2.072165 0.4704724 2.0388424 0 P 0
L 0.4725411 2.4371423 0.4785411 2.4251423 0 P 0
L 0.4725411 2.4371423 0.4785411 2.4491423 0 P 0
L 0.4765411 2.4371423 0.4865411 2.4171423 0 P 0
L 0.4765411 2.4371423 0.4865411 2.4571423 0 P 0
L 0.478803 2.0305118 0.4954643 2.0305118 0 P 0
L 0.478803 2.0804956 0.4704724 2.072165 0 P 0
L 0.4801969 0.9809843 0.4801969 1.0209843 0 P 0
L 0.4801969 0.9809843 0.5201969 0.9809843 0 P 0
L 0.4801969 1.0209843 0.5201969 1.0209843 0 P 0
L 0.4954643 2.0305118 0.503795 2.0388424 0 P 0
L 0.4954643 2.0804956 0.478803 2.0804956 0 P 0
L 0.4977111 2.5577263 0.5077111 2.5777263 0 P 0
L 0.4977111 2.5577263 0.5177111 2.5677263 0 P 0
L 0.4977111 2.5977263 0.5077111 2.5777263 0 P 0
L 0.4977111 2.5977263 0.5177111 2.5877263 0 P 0
L 0.5 0.8734881 0.5083306 0.8651575 0 P 0
L 0.5 0.9068107 0.5 0.8734881 0 P 0
L 0.503795 2.072165 0.4954643 2.0804956 0 P 0
L 0.5057111 2.5657263 0.5117111 2.5777263 0 P 0
L 0.5057111 2.5657263 0.5177111 2.5717263 0 P 0
L 0.5057111 2.5897263 0.5117111 2.5777263 0 P 0
L 0.5057111 2.5897263 0.5177111 2.5837263 0 P 0
L 0.5083306 0.8651575 0.5249919 0.8651575 0 P 0
L 0.5083306 0.9151413 0.5 0.9068107 0 P 0
L 0.5177111 2.5677263 0.5377111 2.5577263 0 P 0
L 0.5177111 2.5717263 0.5297111 2.5657263 0 P 0
L 0.5177111 2.5837263 0.5297111 2.5897263 0 P 0
L 0.5177111 2.5877263 0.5377111 2.5977263 0 P 0
L 0.5201969 0.9809843 0.5201969 1.0209843 0 P 0
L 0.5237111 2.5777263 0.5297111 2.5657263 0 P 0
L 0.5237111 2.5777263 0.5297111 2.5897263 0 P 0
L 0.5249919 0.8651575 0.5333226 0.8734881 0 P 0
L 0.5249919 0.9151413 0.5083306 0.9151413 0 P 0
L 0.5277111 2.5777263 0.5377111 2.5577263 0 P 0
L 0.5277111 2.5777263 0.5377111 2.5977263 0 P 0
L 0.5301968 1.1719291 0.5301968 1.2119291 0 P 0
L 0.5301968 1.1719291 0.5701968 1.1719291 0 P 0
L 0.5301968 1.2119291 0.5701968 1.2119291 0 P 0
L 0.5301968 2.1725039 0.5301968 2.2125039 0 P 0
L 0.5301968 2.1725039 0.5701968 2.1725039 0 P 0
L 0.5301968 2.2125039 0.5701968 2.2125039 0 P 0
L 0.5333226 0.9068107 0.5249919 0.9151413 0 P 0
L 0.5475151 2.4067863 0.5475151 2.4467863 0 P 0
L 0.5475151 2.4067863 0.5875151 2.4067863 0 P 0
L 0.5475151 2.4467863 0.5875151 2.4467863 0 P 0
L 0.5511811 2.1274251 0.5595117 2.1190945 0 P 0
L 0.5511811 2.1607477 0.5511811 2.1274251 0 P 0
L 0.5595117 2.1190945 0.576173 2.1190945 0 P 0
L 0.5595117 2.1690783 0.5511811 2.1607477 0 P 0
L 0.5701968 1.1719291 0.5701968 1.2119291 0 P 0
L 0.5701968 2.1725039 0.5701968 2.2125039 0 P 0
L 0.576173 2.1190945 0.5845037 2.1274251 0 P 0
L 0.576173 2.1690783 0.5595117 2.1690783 0 P 0
L 0.5817171 2.5007563 0.5817171 2.5407563 0 P 0
L 0.5817171 2.5007563 0.6217171 2.5007563 0 P 0
L 0.5817171 2.5407563 0.6217171 2.5407563 0 P 0
L 0.5845037 2.1607477 0.576173 2.1690783 0 P 0
L 0.5875151 2.4067863 0.5875151 2.4467863 0 P 0
L 0.5931885 -0.2634646 0.6331885 -0.2634646 0 P 0
L 0.5931885 -0.3034646 0.5931885 -0.2634646 0 P 0
L 0.5931885 -0.3034646 0.6331885 -0.3034646 0 P 0
L 0.5931885 -0.5390546 0.6331885 -0.5390546 0 P 0
L 0.5931885 -0.5790546 0.5931885 -0.5390546 0 P 0
L 0.5931885 -0.5790546 0.6331885 -0.5790546 0 P 0
L 0.6011885 -0.2714646 0.6251885 -0.2714646 0 P 0
L 0.6011885 -0.2954646 0.6011885 -0.2714646 0 P 0
L 0.6011885 -0.2954646 0.6251885 -0.2954646 0 P 0
L 0.6011885 -0.5470546 0.6251885 -0.5470546 0 P 0
L 0.6011885 -0.5710546 0.6011885 -0.5470546 0 P 0
L 0.6011885 -0.5710546 0.6251885 -0.5710546 0 P 0
L 0.6099551 2.3408523 0.6099551 2.3608523 0 P 0
L 0.6099551 2.3408523 0.6199551 2.3408523 0 P 0
L 0.6099551 2.3608523 0.6199551 2.3608523 0 P 0
L 0.6179551 2.3448523 0.6179551 2.3568523 0 P 0
L 0.6179551 2.3448523 0.6239551 2.3448523 0 P 0
L 0.6179551 2.3568523 0.6239551 2.3568523 0 P 0
L 0.6199551 2.3308523 0.6199551 2.3408523 0 P 0
L 0.6199551 2.3308523 0.6399551 2.3308523 0 P 0
L 0.6199551 2.3608523 0.6199551 2.3708523 0 P 0
L 0.6199551 2.3708523 0.6399551 2.3708523 0 P 0
L 0.6217171 2.5007563 0.6217171 2.5407563 0 P 0
L 0.6239551 2.3388523 0.6239551 2.3448523 0 P 0
L 0.6239551 2.3388523 0.6359551 2.3388523 0 P 0
L 0.6239551 2.3568523 0.6239551 2.3628523 0 P 0
L 0.6239551 2.3628523 0.6359551 2.3628523 0 P 0
L 0.6251885 -0.2954646 0.6251885 -0.2714646 0 P 0
L 0.6251885 -0.5710546 0.6251885 -0.5470546 0 P 0
L 0.6301968 1.1719291 0.6301968 1.2119291 0 P 0
L 0.6301968 1.1719291 0.6701968 1.1719291 0 P 0
L 0.6301968 1.2119291 0.6701968 1.2119291 0 P 0
L 0.6301968 2.1725039 0.6301968 2.2125039 0 P 0
L 0.6301968 2.1725039 0.6701968 2.1725039 0 P 0
L 0.6301968 2.2125039 0.6701968 2.2125039 0 P 0
L 0.6331885 -0.3034646 0.6331885 -0.2634646 0 P 0
L 0.6331885 -0.5790546 0.6331885 -0.5390546 0 P 0
L 0.6359551 2.3388523 0.6359551 2.3448523 0 P 0
L 0.6359551 2.3448523 0.6419551 2.3448523 0 P 0
L 0.6359551 2.3568523 0.6359551 2.3628523 0 P 0
L 0.6359551 2.3568523 0.6419551 2.3568523 0 P 0
L 0.6399551 2.3308523 0.6399551 2.3408523 0 P 0
L 0.6399551 2.3408523 0.6499551 2.3408523 0 P 0
L 0.6399551 2.3608523 0.6399551 2.3708523 0 P 0
L 0.6399551 2.3608523 0.6499551 2.3608523 0 P 0
L 0.6419551 2.3448523 0.6419551 2.3568523 0 P 0
L 0.6499551 2.3408523 0.6499551 2.3608523 0 P 0
L 0.6673228 0.9640393 0.6756534 0.9557087 0 P 0
L 0.6673228 0.9973619 0.6673228 0.9640393 0 P 0
L 0.6701968 1.1719291 0.6701968 1.2119291 0 P 0
L 0.6701968 2.1725039 0.6701968 2.2125039 0 P 0
L 0.6756534 0.9557087 0.6923147 0.9557087 0 P 0
L 0.6756534 1.0056925 0.6673228 0.9973619 0 P 0
L 0.6923147 0.9557087 0.7006454 0.9640393 0 P 0
L 0.6923147 1.0056925 0.6756534 1.0056925 0 P 0
L 0.7006454 0.9973619 0.6923147 1.0056925 0 P 0
L 0.7301968 1.1719291 0.7301968 1.2119291 0 P 0
L 0.7301968 1.1719291 0.7701968 1.1719291 0 P 0
L 0.7301968 1.2119291 0.7701968 1.2119291 0 P 0
L 0.7301968 2.1725039 0.7301968 2.2125039 0 P 0
L 0.7301968 2.1725039 0.7701968 2.1725039 0 P 0
L 0.7301968 2.2125039 0.7701968 2.2125039 0 P 0
L 0.7411417 0.6815589 0.7494723 0.6732283 0 P 0
L 0.7411417 0.7148815 0.7411417 0.6815589 0 P 0
L 0.7494723 0.6732283 0.7661336 0.6732283 0 P 0
L 0.7494723 0.7232121 0.7411417 0.7148815 0 P 0
L 0.7661336 0.6732283 0.7744643 0.6815589 0 P 0
L 0.7661336 0.7232121 0.7494723 0.7232121 0 P 0
L 0.7674005 0.9466929 0.7674005 0.9666929 0 P 0
L 0.7674005 0.9466929 0.7774005 0.9466929 0 P 0
L 0.7674005 0.9666929 0.7774005 0.9666929 0 P 0
L 0.7701968 1.1719291 0.7701968 1.2119291 0 P 0
L 0.7701968 2.1725039 0.7701968 2.2125039 0 P 0
L 0.7744643 0.7148815 0.7661336 0.7232121 0 P 0
L 0.7774005 0.9366929 0.7774005 0.9466929 0 P 0
L 0.7774005 0.9366929 0.7974005 0.9366929 0 P 0
L 0.7774005 0.9666929 0.7774005 0.9766929 0 P 0
L 0.7774005 0.9766929 0.7974005 0.9766929 0 P 0
L 0.7974005 0.9366929 0.7974005 0.9466929 0 P 0
L 0.7974005 0.9466929 0.8074005 0.9466929 0 P 0
L 0.7974005 0.9666929 0.7974005 0.9766929 0 P 0
L 0.7974005 0.9666929 0.8074005 0.9666929 0 P 0
L 0.8074005 0.9466929 0.8074005 0.9666929 0 P 0
L 0.8301968 1.1719291 0.8301968 1.2119291 0 P 0
L 0.8301968 1.1719291 0.8701968 1.1719291 0 P 0
L 0.8301968 1.2119291 0.8701968 1.2119291 0 P 0
L 0.8301968 2.1725039 0.8301968 2.2125039 0 P 0
L 0.8301968 2.1725039 0.8701968 2.1725039 0 P 0
L 0.8301968 2.2125039 0.8701968 2.2125039 0 P 0
L 0.8674005 0.9466929 0.8674005 0.9666929 0 P 0
L 0.8674005 0.9466929 0.8774005 0.9466929 0 P 0
L 0.8674005 0.9666929 0.8774005 0.9666929 0 P 0
L 0.8701968 1.1719291 0.8701968 1.2119291 0 P 0
L 0.8701968 2.1725039 0.8701968 2.2125039 0 P 0
L 0.8774005 0.9366929 0.8774005 0.9466929 0 P 0
L 0.8774005 0.9366929 0.8974005 0.9366929 0 P 0
L 0.8774005 0.9666929 0.8774005 0.9766929 0 P 0
L 0.8774005 0.9766929 0.8974005 0.9766929 0 P 0
L 0.8974005 0.9366929 0.8974005 0.9466929 0 P 0
L 0.8974005 0.9466929 0.9074005 0.9466929 0 P 0
L 0.8974005 0.9666929 0.8974005 0.9766929 0 P 0
L 0.8974005 0.9666929 0.9074005 0.9666929 0 P 0
L 0.9074005 0.9466929 0.9074005 0.9666929 0 P 0
L 0.9301968 1.1719291 0.9301968 1.2119291 0 P 0
L 0.9301968 1.1719291 0.9701968 1.1719291 0 P 0
L 0.9301968 1.2119291 0.9701968 1.2119291 0 P 0
L 0.9301968 2.1725039 0.9301968 2.2125039 0 P 0
L 0.9301968 2.1725039 0.9701968 2.1725039 0 P 0
L 0.9301968 2.2125039 0.9701968 2.2125039 0 P 0
L 0.9341007 2.5429031 0.9424313 2.5345725 0 P 0
L 0.9341007 2.5762257 0.9341007 2.5429031 0 P 0
L 0.9424313 2.5345725 0.9590926 2.5345725 0 P 0
L 0.9424313 2.5845563 0.9341007 2.5762257 0 P 0
L 0.9590926 2.5345725 0.9674233 2.5429031 0 P 0
L 0.9590926 2.5845563 0.9424313 2.5845563 0 P 0
L 0.9674005 0.9466929 0.9674005 0.9666929 0 P 0
L 0.9674005 0.9466929 0.9774005 0.9466929 0 P 0
L 0.9674005 0.9666929 0.9774005 0.9666929 0 P 0
L 0.9674233 2.5762257 0.9590926 2.5845563 0 P 0
L 0.9701968 1.1719291 0.9701968 1.2119291 0 P 0
L 0.9701968 2.1725039 0.9701968 2.2125039 0 P 0
L 0.9774005 0.9366929 0.9774005 0.9466929 0 P 0
L 0.9774005 0.9366929 0.9974005 0.9366929 0 P 0
L 0.9774005 0.9666929 0.9774005 0.9766929 0 P 0
L 0.9774005 0.9766929 0.9974005 0.9766929 0 P 0
L 0.9793307 2.1175826 0.9876613 2.109252 0 P 0
L 0.9793307 2.1509052 0.9793307 2.1175826 0 P 0
L 0.9876613 2.109252 1.0043226 2.109252 0 P 0
L 0.9876613 2.1592358 0.9793307 2.1509052 0 P 0
L 0.9974005 0.9366929 0.9974005 0.9466929 0 P 0
L 0.9974005 0.9466929 1.0074005 0.9466929 0 P 0
L 0.9974005 0.9666929 0.9974005 0.9766929 0 P 0
L 0.9974005 0.9666929 1.0074005 0.9666929 0 P 0
L 1.0043226 2.109252 1.0126533 2.1175826 0 P 0
L 1.0043226 2.1592358 0.9876613 2.1592358 0 P 0
L 1.0074005 0.9466929 1.0074005 0.9666929 0 P 0
L 1.0126533 2.1509052 1.0043226 2.1592358 0 P 0
L 1.0674005 0.9466929 1.0674005 0.9666929 0 P 0
L 1.0674005 0.9466929 1.0774005 0.9466929 0 P 0
L 1.0674005 0.9666929 1.0774005 0.9666929 0 P 0
L 1.0774005 0.9366929 1.0774005 0.9466929 0 P 0
L 1.0774005 0.9366929 1.0974005 0.9366929 0 P 0
L 1.0774005 0.9666929 1.0774005 0.9766929 0 P 0
L 1.0774005 0.9766929 1.0974005 0.9766929 0 P 0
L 1.0974005 0.9366929 1.0974005 0.9466929 0 P 0
L 1.0974005 0.9466929 1.1074005 0.9466929 0 P 0
L 1.0974005 0.9666929 1.0974005 0.9766929 0 P 0
L 1.0974005 0.9666929 1.1074005 0.9666929 0 P 0
L 1.1074005 0.9466929 1.1074005 0.9666929 0 P 0
L 1.2047244 2.3705353 1.213055 2.3622047 0 P 0
L 1.2047244 2.4038579 1.2047244 2.3705353 0 P 0
L 1.213055 2.3622047 1.2297163 2.3622047 0 P 0
L 1.213055 2.4121885 1.2047244 2.4038579 0 P 0
L 1.2297163 2.3622047 1.238047 2.3705353 0 P 0
L 1.2297163 2.4121885 1.213055 2.4121885 0 P 0
L 1.238047 2.4038579 1.2297163 2.4121885 0 P 0
L 1.2792136 0.9642517 1.2892136 0.9842517 0 P 0
L 1.2792136 0.9642517 1.2992136 0.9742517 0 P 0
L 1.2792136 1.0042517 1.2892136 0.9842517 0 P 0
L 1.2792136 1.0042517 1.2992136 0.9942517 0 P 0
L 1.2973225 -0.1730717 1.3073225 -0.1730717 0 P 0
L 1.2973225 -0.1930717 1.2973225 -0.1730717 0 P 0
L 1.2973225 -0.1930717 1.3073225 -0.1930717 0 P 0
L 1.2992136 0.9742517 1.3192136 0.9642517 0 P 0
L 1.2992136 0.9942517 1.3192136 1.0042517 0 P 0
L 1.3053225 -0.1770717 1.3113225 -0.1770717 0 P 0
L 1.3053225 -0.1890717 1.3053225 -0.1770717 0 P 0
L 1.3053225 -0.1890717 1.3113225 -0.1890717 0 P 0
L 1.3073225 -0.1630717 1.3273225 -0.1630717 0 P 0
L 1.3073225 -0.1730717 1.3073225 -0.1630717 0 P 0
L 1.3073225 -0.2030717 1.3073225 -0.1930717 0 P 0
L 1.3073225 -0.2030717 1.3273225 -0.2030717 0 P 0
L 1.3092136 0.9842517 1.3192136 0.9642517 0 P 0
L 1.3092136 0.9842517 1.3192136 1.0042517 0 P 0
L 1.3113225 -0.1710717 1.3233225 -0.1710717 0 P 0
L 1.3113225 -0.1770717 1.3113225 -0.1710717 0 P 0
L 1.3113225 -0.1950717 1.3113225 -0.1890717 0 P 0
L 1.3113225 -0.1950717 1.3233225 -0.1950717 0 P 0
L 1.3225205 -0.0199997 1.3325205 0.0000003 0 P 0
L 1.3225205 -0.0199997 1.3425205 -0.0099997 0 P 0
L 1.3225205 0.0200003 1.3325205 0.0000003 0 P 0
L 1.3225205 0.0200003 1.3425205 0.0100003 0 P 0
L 1.3233225 -0.1770717 1.3233225 -0.1710717 0 P 0
L 1.3233225 -0.1770717 1.3293225 -0.1770717 0 P 0
L 1.3233225 -0.1890717 1.3293225 -0.1890717 0 P 0
L 1.3233225 -0.1950717 1.3233225 -0.1890717 0 P 0
L 1.3273225 -0.1730717 1.3273225 -0.1630717 0 P 0
L 1.3273225 -0.1730717 1.3373225 -0.1730717 0 P 0
L 1.3273225 -0.1930717 1.3373225 -0.1930717 0 P 0
L 1.3273225 -0.2030717 1.3273225 -0.1930717 0 P 0
L 1.3293225 -0.1890717 1.3293225 -0.1770717 0 P 0
L 1.3305205 -0.0119997 1.3365205 0.0000003 0 P 0
L 1.3305205 -0.0119997 1.3425205 -0.0059997 0 P 0
L 1.3305205 0.0120003 1.3365205 0.0000003 0 P 0
L 1.3305205 0.0120003 1.3425205 0.0060003 0 P 0
L 1.3373225 -0.1930717 1.3373225 -0.1730717 0 P 0
L 1.3425205 -0.0059997 1.3545205 -0.0119997 0 P 0
L 1.3425205 -0.0099997 1.3625205 -0.0199997 0 P 0
L 1.3425205 0.0060003 1.3545205 0.0120003 0 P 0
L 1.3425205 0.0100003 1.3625205 0.0200003 0 P 0
L 1.3473225 -0.0784257 1.3873225 -0.0784257 0 P 0
L 1.3473225 -0.1184257 1.3473225 -0.0784257 0 P 0
L 1.3473225 -0.1184257 1.3873225 -0.1184257 0 P 0
L 1.3473225 0.0882683 1.3473225 0.1282683 0 P 0
L 1.3473225 0.0882683 1.3873225 0.0882683 0 P 0
L 1.3473225 0.1282683 1.3873225 0.1282683 0 P 0
L 1.3485205 0.0000003 1.3545205 -0.0119997 0 P 0
L 1.3485205 0.0000003 1.3545205 0.0120003 0 P 0
L 1.3525205 0.0000003 1.3625205 -0.0199997 0 P 0
L 1.3525205 0.0000003 1.3625205 0.0200003 0 P 0
L 1.3792136 0.9642517 1.3892136 0.9842517 0 P 0
L 1.3792136 0.9642517 1.3992136 0.9742517 0 P 0
L 1.3792136 1.0042517 1.3892136 0.9842517 0 P 0
L 1.3792136 1.0042517 1.3992136 0.9942517 0 P 0
L 1.386772 1.3979533 1.406772 1.3579533 0 P 0
L 1.386772 1.3979533 1.426772 1.3979533 0 P 0
L 1.3873225 -0.1184257 1.3873225 -0.0784257 0 P 0
L 1.3873225 0.0882683 1.3873225 0.1282683 0 P 0
L 1.3992136 0.9742517 1.4192136 0.9642517 0 P 0
L 1.3992136 0.9942517 1.4192136 1.0042517 0 P 0
L 1.406772 1.3579533 1.426772 1.3979533 0 P 0
L 1.4092136 0.9842517 1.4192136 0.9642517 0 P 0
L 1.4092136 0.9842517 1.4192136 1.0042517 0 P 0
L 1.4473225 -0.0784257 1.4873225 -0.0784257 0 P 0
L 1.4473225 -0.1184257 1.4473225 -0.0784257 0 P 0
L 1.4473225 -0.1184257 1.4873225 -0.1184257 0 P 0
L 1.4473225 0.0882683 1.4473225 0.1282683 0 P 0
L 1.4473225 0.0882683 1.4473225 0.1282683 0 P 0
L 1.4473225 0.0882683 1.4873225 0.0882683 0 P 0
L 1.4473225 0.0882683 1.4873225 0.0882683 0 P 0
L 1.4473225 0.1282683 1.4873225 0.1282683 0 P 0
L 1.4473225 0.1282683 1.4873225 0.1282683 0 P 0
L 1.4560004 -1.1454337 1.4660004 -1.1454337 0 P 0
L 1.4560004 -1.1554337 1.4560004 -1.1454337 0 P 0
L 1.4560004 -1.1554337 1.4660004 -1.1654337 0 P 0
L 1.4560004 -1.1754337 1.4660004 -1.1654337 0 P 0
L 1.4560004 -1.1854337 1.4560004 -1.1754337 0 P 0
L 1.4560004 -1.1854337 1.4660004 -1.1854337 0 P 0
L 1.4660004 -1.1454337 1.4760004 -1.1554337 0 P 0
L 1.4660004 -1.1854337 1.4760004 -1.1754337 0 P 0
L 1.4721265 -0.0199997 1.4821265 0.0000003 0 P 0
L 1.4721265 -0.0199997 1.4921265 -0.0099997 0 P 0
L 1.4721265 0.0200003 1.4821265 0.0000003 0 P 0
L 1.4721265 0.0200003 1.4921265 0.0100003 0 P 0
L 1.4760004 -1.1554337 1.4860004 -1.1454337 0 P 0
L 1.4760004 -1.1754337 1.4860004 -1.1854337 0 P 0
L 1.4792136 0.9642517 1.4892136 0.9842517 0 P 0
L 1.4792136 0.9642517 1.4992136 0.9742517 0 P 0
L 1.4792136 1.0042517 1.4892136 0.9842517 0 P 0
L 1.4792136 1.0042517 1.4992136 0.9942517 0 P 0
L 1.4801265 -0.0119997 1.4861265 0.0000003 0 P 0
L 1.4801265 -0.0119997 1.4921265 -0.0059997 0 P 0
L 1.4801265 0.0120003 1.4861265 0.0000003 0 P 0
L 1.4801265 0.0120003 1.4921265 0.0060003 0 P 0
L 1.4860004 -1.1454337 1.4960004 -1.1454337 0 P 0
L 1.4860004 -1.1654337 1.4960004 -1.1554337 0 P 0
L 1.4860004 -1.1654337 1.4960004 -1.1754337 0 P 0
L 1.4860004 -1.1854337 1.4960004 -1.1854337 0 P 0
L 1.4873225 -0.1184257 1.4873225 -0.0784257 0 P 0
L 1.4873225 0.0882683 1.4873225 0.1282683 0 P 0
L 1.4873225 0.0882683 1.4873225 0.1282683 0 P 0
L 1.4921265 -0.0059997 1.5041265 -0.0119997 0 P 0
L 1.4921265 -0.0099997 1.5121265 -0.0199997 0 P 0
L 1.4921265 0.0060003 1.5041265 0.0120003 0 P 0
L 1.4921265 0.0100003 1.5121265 0.0200003 0 P 0
L 1.4960004 -1.1554337 1.4960004 -1.1454337 0 P 0
L 1.4960004 -1.1854337 1.4960004 -1.1754337 0 P 0
L 1.4981265 0.0000003 1.5041265 -0.0119997 0 P 0
L 1.4981265 0.0000003 1.5041265 0.0120003 0 P 0
L 1.4992136 0.9742517 1.5192136 0.9642517 0 P 0
L 1.4992136 0.9942517 1.5192136 1.0042517 0 P 0
L 1.5021265 0.0000003 1.5121265 -0.0199997 0 P 0
L 1.5021265 0.0000003 1.5121265 0.0200003 0 P 0
L 1.5092136 0.9842517 1.5192136 0.9642517 0 P 0
L 1.5092136 0.9842517 1.5192136 1.0042517 0 P 0
L 1.5265748 2.084118 1.5349054 2.0757874 0 P 0
L 1.5265748 2.1174406 1.5265748 2.084118 0 P 0
L 1.5349054 2.0757874 1.5515667 2.0757874 0 P 0
L 1.5349054 2.1257712 1.5265748 2.1174406 0 P 0
L 1.5515667 2.0757874 1.5598974 2.084118 0 P 0
L 1.5515667 2.1257712 1.5349054 2.1257712 0 P 0
L 1.5598974 2.1174406 1.5515667 2.1257712 0 P 0
L 1.5792136 0.9642517 1.5892136 0.9842517 0 P 0
L 1.5792136 0.9642517 1.5992136 0.9742517 0 P 0
L 1.5792136 1.0042517 1.5892136 0.9842517 0 P 0
L 1.5792136 1.0042517 1.5992136 0.9942517 0 P 0
L 1.5992136 0.9742517 1.6192136 0.9642517 0 P 0
L 1.5992136 0.9942517 1.6192136 1.0042517 0 P 0
L 1.6092136 0.9842517 1.6192136 0.9642517 0 P 0
L 1.6092136 0.9842517 1.6192136 1.0042517 0 P 0
L 1.6158259 -0.9264167 1.6558259 -0.9264167 0 P 0
L 1.6158259 -0.9664167 1.6158259 -0.9264167 0 P 0
L 1.6158259 -0.9664167 1.6558259 -0.9664167 0 P 0
L 1.6158259 -1.1823227 1.6558259 -1.1823227 0 P 0
L 1.6158259 -1.2223227 1.6158259 -1.1823227 0 P 0
L 1.6158259 -1.2223227 1.6558259 -1.2223227 0 P 0
L 1.6158261 -1.2758275 1.6558261 -1.2758275 0 P 0
L 1.6158261 -1.3158275 1.6158261 -1.2758275 0 P 0
L 1.6158261 -1.3158275 1.6558261 -1.3158275 0 P 0
L 1.6158261 -1.5317335 1.6558261 -1.5317335 0 P 0
L 1.6158261 -1.5717335 1.6158261 -1.5317335 0 P 0
L 1.6158261 -1.5717335 1.6558261 -1.5717335 0 P 0
L 1.6158896 -1.8171657 1.6358896 -1.8571657 0 P 0
L 1.6158896 -1.8171657 1.6558896 -1.8171657 0 P 0
L 1.6238896 -1.8251657 1.6358896 -1.8491657 0 P 0
L 1.6238896 -1.8251657 1.6478896 -1.8251657 0 P 0
L 1.6358896 -1.8491657 1.6478896 -1.8251657 0 P 0
L 1.6358896 -1.8571657 1.6558896 -1.8171657 0 P 0
L 1.6532283 -0.7083465 1.6632283 -0.7083465 0 P 0
L 1.6532283 -0.7183465 1.6532283 -0.7083465 0 P 0
L 1.6532283 -0.7183465 1.6632283 -0.7283465 0 P 0
L 1.6532283 -0.7383465 1.6632283 -0.7283465 0 P 0
L 1.6532283 -0.7483465 1.6532283 -0.7383465 0 P 0
L 1.6532283 -0.7483465 1.6632283 -0.7483465 0 P 0
L 1.6532283 0.7083465 1.6532283 0.7183465 0 P 0
L 1.6532283 0.7083465 1.6632283 0.7083465 0 P 0
L 1.6532283 0.7183465 1.6632283 0.7283465 0 P 0
L 1.6532283 0.7383465 1.6532283 0.7483465 0 P 0
L 1.6532283 0.7383465 1.6632283 0.7283465 0 P 0
L 1.6532283 0.7483465 1.6632283 0.7483465 0 P 0
L 1.6532283 1.968189 1.6532283 1.978189 0 P 0
L 1.6532283 1.968189 1.6632283 1.968189 0 P 0
L 1.6532283 1.978189 1.6632283 1.988189 0 P 0
L 1.6532283 1.998189 1.6532283 2.008189 0 P 0
L 1.6532283 1.998189 1.6632283 1.988189 0 P 0
L 1.6532283 2.008189 1.6632283 2.008189 0 P 0
L 1.6558259 -0.9664167 1.6558259 -0.9264167 0 P 0
L 1.6558259 -1.2223227 1.6558259 -1.1823227 0 P 0
L 1.6558261 -1.3158275 1.6558261 -1.2758275 0 P 0
L 1.6558261 -1.5717335 1.6558261 -1.5317335 0 P 0
L 1.6612283 -0.7163465 1.6672283 -0.7163465 0 P 0
L 1.6612283 -0.7223465 1.6612283 -0.7163465 0 P 0
L 1.6612283 -0.7223465 1.6672283 -0.7283465 0 P 0
L 1.6612283 -0.7343465 1.6672283 -0.7283465 0 P 0
L 1.6612283 -0.7403465 1.6612283 -0.7343465 0 P 0
L 1.6612283 -0.7403465 1.6672283 -0.7403465 0 P 0
L 1.6612283 0.7163465 1.6612283 0.7223465 0 P 0
L 1.6612283 0.7163465 1.6672283 0.7163465 0 P 0
L 1.6612283 0.7223465 1.6672283 0.7283465 0 P 0
L 1.6612283 0.7343465 1.6612283 0.7403465 0 P 0
L 1.6612283 0.7343465 1.6672283 0.7283465 0 P 0
L 1.6612283 0.7403465 1.6672283 0.7403465 0 P 0
L 1.6612283 1.976189 1.6612283 1.982189 0 P 0
L 1.6612283 1.976189 1.6672283 1.976189 0 P 0
L 1.6612283 1.982189 1.6672283 1.988189 0 P 0
L 1.6612283 1.994189 1.6612283 2.000189 0 P 0
L 1.6612283 1.994189 1.6672283 1.988189 0 P 0
L 1.6612283 2.000189 1.6672283 2.000189 0 P 0
L 1.6632283 -0.7083465 1.6732283 -0.7183465 0 P 0
L 1.6632283 -0.7483465 1.6732283 -0.7383465 0 P 0
L 1.6632283 0.7083465 1.6732283 0.7183465 0 P 0
L 1.6632283 0.7483465 1.6732283 0.7383465 0 P 0
L 1.6632283 1.968189 1.6732283 1.978189 0 P 0
L 1.6632283 2.008189 1.6732283 1.998189 0 P 0
L 1.6672283 -0.7163465 1.6732283 -0.7223465 0 P 0
L 1.6672283 -0.7403465 1.6732283 -0.7343465 0 P 0
L 1.6672283 0.7163465 1.6732283 0.7223465 0 P 0
L 1.6672283 0.7403465 1.6732283 0.7343465 0 P 0
L 1.6672283 1.976189 1.6732283 1.982189 0 P 0
L 1.6672283 2.000189 1.6732283 1.994189 0 P 0
L 1.6732283 -0.7183465 1.6832283 -0.7083465 0 P 0
L 1.6732283 -0.7223465 1.6792283 -0.7163465 0 P 0
L 1.6732283 -0.7343465 1.6792283 -0.7403465 0 P 0
L 1.6732283 -0.7383465 1.6832283 -0.7483465 0 P 0
L 1.6732283 0.7183465 1.6832283 0.7083465 0 P 0
L 1.6732283 0.7223465 1.6792283 0.7163465 0 P 0
L 1.6732283 0.7343465 1.6792283 0.7403465 0 P 0
L 1.6732283 0.7383465 1.6832283 0.7483465 0 P 0
L 1.6732283 1.978189 1.6832283 1.968189 0 P 0
L 1.6732283 1.982189 1.6792283 1.976189 0 P 0
L 1.6732283 1.994189 1.6792283 2.000189 0 P 0
L 1.6732283 1.998189 1.6832283 2.008189 0 P 0
L 1.6792136 0.9642517 1.6892136 0.9842517 0 P 0
L 1.6792136 0.9642517 1.6992136 0.9742517 0 P 0
L 1.6792136 1.0042517 1.6892136 0.9842517 0 P 0
L 1.6792136 1.0042517 1.6992136 0.9942517 0 P 0
L 1.6792283 -0.7163465 1.6852283 -0.7163465 0 P 0
L 1.6792283 -0.7283465 1.6852283 -0.7223465 0 P 0
L 1.6792283 -0.7283465 1.6852283 -0.7343465 0 P 0
L 1.6792283 -0.7403465 1.6852283 -0.7403465 0 P 0
L 1.6792283 0.7163465 1.6852283 0.7163465 0 P 0
L 1.6792283 0.7283465 1.6852283 0.7223465 0 P 0
L 1.6792283 0.7283465 1.6852283 0.7343465 0 P 0
L 1.6792283 0.7403465 1.6852283 0.7403465 0 P 0
L 1.6792283 1.976189 1.6852283 1.976189 0 P 0
L 1.6792283 1.988189 1.6852283 1.982189 0 P 0
L 1.6792283 1.988189 1.6852283 1.994189 0 P 0
L 1.6792283 2.000189 1.6852283 2.000189 0 P 0
L 1.6832283 -0.7083465 1.6932283 -0.7083465 0 P 0
L 1.6832283 -0.7283465 1.6932283 -0.7183465 0 P 0
L 1.6832283 -0.7283465 1.6932283 -0.7383465 0 P 0
L 1.6832283 -0.7483465 1.6932283 -0.7483465 0 P 0
L 1.6832283 0.7083465 1.6932283 0.7083465 0 P 0
L 1.6832283 0.7283465 1.6932283 0.7183465 0 P 0
L 1.6832283 0.7283465 1.6932283 0.7383465 0 P 0
L 1.6832283 0.7483465 1.6932283 0.7483465 0 P 0
L 1.6832283 1.968189 1.6932283 1.968189 0 P 0
L 1.6832283 1.988189 1.6932283 1.978189 0 P 0
L 1.6832283 1.988189 1.6932283 1.998189 0 P 0
L 1.6832283 2.008189 1.6932283 2.008189 0 P 0
L 1.6852283 -0.7223465 1.6852283 -0.7163465 0 P 0
L 1.6852283 -0.7403465 1.6852283 -0.7343465 0 P 0
L 1.6852283 0.7163465 1.6852283 0.7223465 0 P 0
L 1.6852283 0.7343465 1.6852283 0.7403465 0 P 0
L 1.6852283 1.976189 1.6852283 1.982189 0 P 0
L 1.6852283 1.994189 1.6852283 2.000189 0 P 0
L 1.691772 1.3979533 1.711772 1.3579533 0 P 0
L 1.691772 1.3979533 1.731772 1.3979533 0 P 0
L 1.6932283 -0.7183465 1.6932283 -0.7083465 0 P 0
L 1.6932283 -0.7483465 1.6932283 -0.7383465 0 P 0
L 1.6932283 0.7083465 1.6932283 0.7183465 0 P 0
L 1.6932283 0.7383465 1.6932283 0.7483465 0 P 0
L 1.6932283 1.968189 1.6932283 1.978189 0 P 0
L 1.6932283 1.998189 1.6932283 2.008189 0 P 0
L 1.6985676 -1.8171657 1.7385676 -1.8171657 0 P 0
L 1.6985676 -1.8571657 1.6985676 -1.8171657 0 P 0
L 1.6985676 -1.8571657 1.7385676 -1.8571657 0 P 0
L 1.6992136 0.9742517 1.7192136 0.9642517 0 P 0
L 1.6992136 0.9942517 1.7192136 1.0042517 0 P 0
L 1.7065676 -1.8251657 1.7305676 -1.8251657 0 P 0
L 1.7065676 -1.8491657 1.7065676 -1.8251657 0 P 0
L 1.7065676 -1.8491657 1.7305676 -1.8491657 0 P 0
L 1.7092136 0.9842517 1.7192136 0.9642517 0 P 0
L 1.7092136 0.9842517 1.7192136 1.0042517 0 P 0
L 1.711772 1.3579533 1.731772 1.3979533 0 P 0
L 1.7305676 -1.8491657 1.7305676 -1.8251657 0 P 0
L 1.7385676 -1.8571657 1.7385676 -1.8171657 0 P 0
L 1.7773076 -1.8171657 1.8173076 -1.8171657 0 P 0
L 1.7773076 -1.8571657 1.7773076 -1.8171657 0 P 0
L 1.7773076 -1.8571657 1.8173076 -1.8571657 0 P 0
L 1.7792136 0.9642517 1.7892136 0.9842517 0 P 0
L 1.7792136 0.9642517 1.7992136 0.9742517 0 P 0
L 1.7792136 1.0042517 1.7892136 0.9842517 0 P 0
L 1.7792136 1.0042517 1.7992136 0.9942517 0 P 0
L 1.7853076 -1.8251657 1.8093076 -1.8251657 0 P 0
L 1.7853076 -1.8491657 1.7853076 -1.8251657 0 P 0
L 1.7853076 -1.8491657 1.8093076 -1.8491657 0 P 0
L 1.7929919 -0.9264167 1.8329919 -0.9264167 0 P 0
L 1.7929919 -0.9664167 1.7929919 -0.9264167 0 P 0
L 1.7929919 -0.9664167 1.8329919 -0.9664167 0 P 0
L 1.7929919 -1.1823227 1.8329919 -1.1823227 0 P 0
L 1.7929919 -1.2223227 1.7929919 -1.1823227 0 P 0
L 1.7929919 -1.2223227 1.8329919 -1.2223227 0 P 0
L 1.7929921 -1.2758275 1.8329921 -1.2758275 0 P 0
L 1.7929921 -1.3158275 1.7929921 -1.2758275 0 P 0
L 1.7929921 -1.3158275 1.8329921 -1.3158275 0 P 0
L 1.7929921 -1.5317335 1.8329921 -1.5317335 0 P 0
L 1.7929921 -1.5717335 1.7929921 -1.5317335 0 P 0
L 1.7929921 -1.5717335 1.8329921 -1.5717335 0 P 0
L 1.7992136 0.9742517 1.8192136 0.9642517 0 P 0
L 1.7992136 0.9942517 1.8192136 1.0042517 0 P 0
L 1.8092136 0.9842517 1.8192136 0.9642517 0 P 0
L 1.8092136 0.9842517 1.8192136 1.0042517 0 P 0
L 1.8093076 -1.8491657 1.8093076 -1.8251657 0 P 0
L 1.8173076 -1.8571657 1.8173076 -1.8171657 0 P 0
L 1.8329919 -0.9664167 1.8329919 -0.9264167 0 P 0
L 1.8329919 -1.2223227 1.8329919 -1.1823227 0 P 0
L 1.8329921 -1.3158275 1.8329921 -1.2758275 0 P 0
L 1.8329921 -1.5717335 1.8329921 -1.5317335 0 P 0
L 1.8560476 -1.8171657 1.8960476 -1.8171657 0 P 0
L 1.8560476 -1.8571657 1.8560476 -1.8171657 0 P 0
L 1.8560476 -1.8571657 1.8960476 -1.8571657 0 P 0
L 1.8640476 -1.8251657 1.8880476 -1.8251657 0 P 0
L 1.8640476 -1.8491657 1.8640476 -1.8251657 0 P 0
L 1.8640476 -1.8491657 1.8880476 -1.8491657 0 P 0
L 1.8880476 -1.8491657 1.8880476 -1.8251657 0 P 0
L 1.8927165 -1.6187799 1.8927165 -1.6521025 0 P 0
L 1.8927165 -1.6521025 1.9010471 -1.6604331 0 P 0
L 1.8960476 -1.8571657 1.8960476 -1.8171657 0 P 0
L 1.9010471 -1.6104493 1.8927165 -1.6187799 0 P 0
L 1.9010471 -1.6604331 1.9177084 -1.6604331 0 P 0
L 1.9177084 -1.6104493 1.9010471 -1.6104493 0 P 0
L 1.9177084 -1.6604331 1.9260391 -1.6521025 0 P 0
L 1.9260391 -1.6187799 1.9177084 -1.6104493 0 P 0
L 1.9387236 -1.8171657 1.9587236 -1.8571657 0 P 0
L 1.9387236 -1.8171657 1.9787236 -1.8171657 0 P 0
L 1.9467236 -1.8251657 1.9587236 -1.8491657 0 P 0
L 1.9467236 -1.8251657 1.9707236 -1.8251657 0 P 0
L 1.9587236 -1.8491657 1.9707236 -1.8251657 0 P 0
L 1.9587236 -1.8571657 1.9787236 -1.8171657 0 P 0
