#Layer_Color=6321
#
#Feature symbol names
#
$0 r5

#
#Feature attribute names
#

#
#Layer features
#
L -0.0009844 1.9477161 -0.0009844 1.9877161 0 P 0
L -0.0009844 2.0477161 -0.0009844 2.0877161 0 P 0
L -0.0194881 1.0009843 0.0198819 1.0009843 0 P 0
L -0.0209844 1.9677161 0.0190156 1.9677161 0 P 0
L -0.0209844 2.0677161 0.0190156 2.0677161 0 P 0
L -0.0498032 1.1722441 -0.0498032 1.2116141 0 P 0
L -0.0498032 2.1728189 -0.0498032 2.2121889 0 P 0
L -0.0499998 2.4015743 -0.0499998 2.4409443 0 P 0
L -0.0499998 2.6082683 -0.0499998 2.6476383 0 P 0
L -0.0500002 0.7661813 -0.0500002 0.8055513 0 P 0
L -0.0501969 1.1050945 -0.0501969 1.1330945 0 P 0
L -0.0549996 -1.1851187 -0.0549996 -1.1457487 0 P 0
L -0.0641969 1.1190945 -0.0361969 1.1190945 0 P 0
L -0.0694882 1.1919291 -0.0301182 1.1919291 0 P 0
L -0.0694882 2.1925039 -0.0301182 2.1925039 0 P 0
L -0.0696848 2.4212593 -0.0303148 2.4212593 0 P 0
L -0.0696848 2.6279533 -0.0303148 2.6279533 0 P 0
L -0.0696852 0.7858663 -0.0303152 0.7858663 0 P 0
L -0.0746846 -1.1654337 -0.0353146 -1.1654337 0 P 0
L -0.0748038 2.4704727 -0.0748038 2.5688979 0 P 0
L -0.0998031 0.9812993 -0.0998031 1.0206693 0 P 0
L -0.0999998 2.3169283 -0.0999998 2.3562983 0 P 0
L -0.1009844 1.9477161 -0.1009844 1.9877161 0 P 0
L -0.1009844 2.0477161 -0.1009844 2.0877161 0 P 0
L -0.1194881 1.0009843 -0.0801181 1.0009843 0 P 0
L -0.1196848 2.3366133 -0.0803148 2.3366133 0 P 0
L -0.1209844 1.9677161 -0.0809844 1.9677161 0 P 0
L -0.1209844 2.0677161 -0.0809844 2.0677161 0 P 0
L -0.1240164 2.5196853 -0.0255912 2.5196853 0 P 0
L -0.1496063 1.1050945 -0.1496063 1.1330945 0 P 0
L -0.1496063 2.1041102 -0.1496063 2.1321102 0 P 0
L -0.1498032 1.1722441 -0.1498032 1.2116141 0 P 0
L -0.1498032 2.1728189 -0.1498032 2.2121889 0 P 0
L -0.1500002 0.7661813 -0.1500002 0.8055513 0 P 0
L -0.1549996 -1.1851187 -0.1549996 -1.1457487 0 P 0
L -0.1624016 1.361 -0.1624016 1.389 0 P 0
L -0.1636063 1.1190945 -0.1356063 1.1190945 0 P 0
L -0.1636063 2.1181102 -0.1356063 2.1181102 0 P 0
L -0.1694882 1.1919291 -0.1301182 1.1919291 0 P 0
L -0.1694882 2.1925039 -0.1301182 2.1925039 0 P 0
L -0.1696852 0.7858663 -0.1303152 0.7858663 0 P 0
L -0.1746846 -1.1654337 -0.1353146 -1.1654337 0 P 0
L -0.1764016 1.375 -0.1484016 1.375 0 P 0
L -0.1998031 0.9812993 -0.1998031 1.0206693 0 P 0
L -0.2027559 0.630685 -0.2027559 0.658685 0 P 0
L -0.2167559 0.644685 -0.1887559 0.644685 0 P 0
L -0.2194881 1.0009843 -0.1801181 1.0009843 0 P 0
L -0.2214567 0.2291102 -0.2214567 0.2571102 0 P 0
L -0.2354567 0.2431102 -0.2074567 0.2431102 0 P 0
L -0.2362205 2.3875748 -0.2362205 2.4155748 0 P 0
L -0.242126 0.4584409 -0.242126 0.4864409 0 P 0
L -0.2498032 1.1722441 -0.2498032 1.2116141 0 P 0
L -0.2498032 2.1728189 -0.2498032 2.2121889 0 P 0
L -0.2500002 0.7661813 -0.2500002 0.8055513 0 P 0
L -0.2502205 2.4015748 -0.2222205 2.4015748 0 P 0
L -0.2549996 -1.1851187 -0.2549996 -1.1457487 0 P 0
L -0.256126 0.4724409 -0.228126 0.4724409 0 P 0
L -0.2694882 1.1919291 -0.2301182 1.1919291 0 P 0
L -0.2694882 2.1925039 -0.2301182 2.1925039 0 P 0
L -0.2696852 0.7858663 -0.2303152 0.7858663 0 P 0
L -0.2746846 -1.1654337 -0.2353146 -1.1654337 0 P 0
L -0.2785433 1.8954488 -0.2785433 1.9234488 0 P 0
L -0.2785433 2.5804882 -0.2785433 2.6084882 0 P 0
L -0.2925433 1.9094488 -0.2645433 1.9094488 0 P 0
L -0.2925433 2.5944882 -0.2645433 2.5944882 0 P 0
L -0.3148984 -1.5554957 -0.3148984 -1.5154957 0 P 0
L -0.3148984 -1.9614957 -0.3148984 -1.9214957 0 P 0
L -0.3149606 -2.6403148 -0.3149606 -2.5222046 0 P 0
L -0.3149606 1.6844872 -0.3149606 1.8025974 0 P 0
L -0.3348984 -1.5354957 -0.2948984 -1.5354957 0 P 0
L -0.3348984 -1.9414957 -0.2948984 -1.9414957 0 P 0
L -0.3498032 1.1722441 -0.3498032 1.2116141 0 P 0
L -0.3498032 2.1728189 -0.3498032 2.2121889 0 P 0
L -0.3500002 0.7661813 -0.3500002 0.8055513 0 P 0
L -0.3549996 -1.1851187 -0.3549996 -1.1457487 0 P 0
L -0.3582677 0.6100157 -0.3582677 0.6380157 0 P 0
L -0.3694882 1.1919291 -0.3301182 1.1919291 0 P 0
L -0.3694882 2.1925039 -0.3301182 2.1925039 0 P 0
L -0.3696852 0.7858663 -0.3303152 0.7858663 0 P 0
L -0.3722677 0.6240157 -0.3442677 0.6240157 0 P 0
L -0.3732862 2.4796514 -0.3732862 2.5190214 0 P 0
L -0.3732862 2.4796514 -0.3732862 2.5190214 0 P 0
L -0.3740157 -2.5812597 -0.2559055 -2.5812597 0 P 0
L -0.3740157 1.7435423 -0.2559055 1.7435423 0 P 0
L -0.3746846 -1.1654337 -0.3353146 -1.1654337 0 P 0
L -0.3929712 2.4993364 -0.3536012 2.4993364 0 P 0
L -0.3929712 2.4993364 -0.3536012 2.4993364 0 P 0
L -0.4074882 2.5736212 -0.4074882 2.6129912 0 P 0
L -0.4271732 2.5933062 -0.3878032 2.5933062 0 P 0
L -0.4498032 1.1722441 -0.4498032 1.2116141 0 P 0
L -0.4498032 2.1728189 -0.4498032 2.2121889 0 P 0
L -0.4549996 -1.1851187 -0.4549996 -1.1457487 0 P 0
L -0.4665422 2.3897877 -0.4665422 2.4882129 0 P 0
L -0.4694882 1.1919291 -0.4301182 1.1919291 0 P 0
L -0.4694882 2.1925039 -0.4301182 2.1925039 0 P 0
L -0.4746846 -1.1654337 -0.4353146 -1.1654337 0 P 0
L -0.5157548 2.4390003 -0.4173296 2.4390003 0 P 0
L -0.5177101 2.5303697 -0.5177101 2.6287949 0 P 0
L -0.5364173 0.2291102 -0.5364173 0.2571102 0 P 0
L -0.5498032 1.1722441 -0.5498032 1.2116141 0 P 0
L -0.5498032 2.1728189 -0.5498032 2.2121889 0 P 0
L -0.5504173 0.2431102 -0.5224173 0.2431102 0 P 0
L -0.5549996 -1.1851187 -0.5549996 -1.1457487 0 P 0
L -0.5669227 2.5795823 -0.4684975 2.5795823 0 P 0
L -0.5675142 2.4089573 -0.5675142 2.4483273 0 P 0
L -0.5694882 1.1919291 -0.5301182 1.1919291 0 P 0
L -0.5694882 2.1925039 -0.5301182 2.1925039 0 P 0
L -0.5746846 -1.1654337 -0.5353146 -1.1654337 0 P 0
L -0.5871992 2.4286423 -0.5478292 2.4286423 0 P 0
L -0.6017162 2.5029273 -0.6017162 2.5422973 0 P 0
L -0.6055115 0.9330709 -0.6055115 0.9803149 0 P 0
L -0.6062992 0.4584409 -0.6062992 0.4864409 0 P 0
L -0.6072835 -0.2992126 -0.6072835 -0.2677166 0 P 0
L -0.6072835 -0.5748026 -0.6072835 -0.5433066 0 P 0
L -0.6202992 0.4724409 -0.5922992 0.4724409 0 P 0
L -0.6214012 2.5226123 -0.5820312 2.5226123 0 P 0
L -0.6230315 -0.2834646 -0.5915355 -0.2834646 0 P 0
L -0.6230315 -0.5590546 -0.5915355 -0.5590546 0 P 0
L -0.6291335 0.9566929 -0.5818895 0.9566929 0 P 0
L -0.6498032 1.1722441 -0.6498032 1.2116141 0 P 0
L -0.6498032 2.1728189 -0.6498032 2.2121889 0 P 0
L -0.6549996 -1.1851187 -0.6549996 -1.1457487 0 P 0
L -0.6694882 1.1919291 -0.6301182 1.1919291 0 P 0
L -0.6694882 2.1925039 -0.6301182 2.1925039 0 P 0
L -0.6746846 -1.1654337 -0.6353146 -1.1654337 0 P 0
L -0.6830709 0.591315 -0.6830709 0.619315 0 P 0
L -0.6970709 0.605315 -0.6690709 0.605315 0 P 0
L -0.6983582 2.5209613 -0.6983582 2.5603313 0 P 0
L -0.7047244 0.7940709 -0.7047244 0.8220709 0 P 0
L -0.7055115 0.9330709 -0.7055115 0.9803149 0 P 0
L -0.7180432 2.5406463 -0.6786732 2.5406463 0 P 0
L -0.7187244 0.8080709 -0.6907244 0.8080709 0 P 0
L -0.7291335 0.9566929 -0.6818895 0.9566929 0 P 0
L -0.7498032 1.1722441 -0.7498032 1.2116141 0 P 0
L -0.7498032 2.1728189 -0.7498032 2.2121889 0 P 0
L -0.7549996 -1.1851187 -0.7549996 -1.1457487 0 P 0
L -0.766142 2.3158268 -0.766142 2.3558268 0 P 0
L -0.766142 2.4158268 -0.766142 2.4558268 0 P 0
L -0.7694882 1.1919291 -0.7301182 1.1919291 0 P 0
L -0.7694882 2.1925039 -0.7301182 2.1925039 0 P 0
L -0.7746846 -1.1654337 -0.7353146 -1.1654337 0 P 0
L -0.7834646 2.5273386 -0.7834646 2.5553386 0 P 0
L -0.786142 2.3358268 -0.746142 2.3358268 0 P 0
L -0.786142 2.4358268 -0.746142 2.4358268 0 P 0
L -0.7974646 2.5413386 -0.7694646 2.5413386 0 P 0
L -0.8055115 0.9330709 -0.8055115 0.9803149 0 P 0
L -0.8291335 0.9566929 -0.7818895 0.9566929 0 P 0
L -0.8498032 1.1722441 -0.8498032 1.2116141 0 P 0
L -0.8498032 2.1728189 -0.8498032 2.2121889 0 P 0
L -0.8549996 -1.1851187 -0.8549996 -1.1457487 0 P 0
L -0.866142 2.3158268 -0.866142 2.3558268 0 P 0
L -0.866142 2.4158268 -0.866142 2.4558268 0 P 0
L -0.8694882 1.1919291 -0.8301182 1.1919291 0 P 0
L -0.8694882 2.1925039 -0.8301182 2.1925039 0 P 0
L -0.8746846 -1.1654337 -0.8353146 -1.1654337 0 P 0
L -0.886142 2.3358268 -0.846142 2.3358268 0 P 0
L -0.886142 2.4358268 -0.846142 2.4358268 0 P 0
L -0.9055115 0.9330709 -0.9055115 0.9803149 0 P 0
L -0.9291335 0.9566929 -0.8818895 0.9566929 0 P 0
L -0.9549996 -1.1851187 -0.9549996 -1.1457487 0 P 0
L -0.966142 2.3158268 -0.966142 2.3558268 0 P 0
L -0.966142 2.4158268 -0.966142 2.4558268 0 P 0
L -0.9746846 -1.1654337 -0.9353146 -1.1654337 0 P 0
L -0.986142 2.3358268 -0.946142 2.3358268 0 P 0
L -0.986142 2.4358268 -0.946142 2.4358268 0 P 0
L -0.9887011 -0.198189 -0.9887011 -0.1568504 0 P 0
L -0.9887011 -0.708189 -0.9887011 -0.6668504 0 P 0
L -0.9887164 -1.656103 -0.9887164 -1.6147644 0 P 0
L -0.9887164 -2.166103 -0.9887164 -2.1247644 0 P 0
L -1.0093704 -0.1775197 -0.9680318 -0.1775197 0 P 0
L -1.0093704 -0.6875197 -0.9680318 -0.6875197 0 P 0
L -1.0093857 -1.6354337 -0.9680471 -1.6354337 0 P 0
L -1.0093857 -2.1454337 -0.9680471 -2.1454337 0 P 0
L -1.0147638 2.1287165 -1.0147638 2.1567165 0 P 0
L -1.0287638 2.1427165 -1.0007638 2.1427165 0 P 0
L -1.0549996 -1.1851187 -1.0549996 -1.1457487 0 P 0
L -1.0746846 -1.1654337 -1.0353146 -1.1654337 0 P 0
L -1.1437008 0.8039134 -1.1437008 0.8319134 0 P 0
L -1.1549996 -1.1851187 -1.1549996 -1.1457487 0 P 0
L -1.1564961 -1.2738425 -1.1564961 -1.2458425 0 P 0
L -1.1564961 -1.4273858 -1.1564961 -1.3993858 0 P 0
L -1.1577008 0.8179134 -1.1297008 0.8179134 0 P 0
L -1.1598415 2.0953535 -1.1598415 2.1353535 0 P 0
L -1.1598415 2.1953535 -1.1598415 2.2353535 0 P 0
L -1.1704961 -1.2598425 -1.1424961 -1.2598425 0 P 0
L -1.1704961 -1.4133858 -1.1424961 -1.4133858 0 P 0
L -1.1746846 -1.1654337 -1.1353146 -1.1654337 0 P 0
L -1.1791339 1.8029291 -1.1791339 1.8309291 0 P 0
L -1.1798415 2.1153535 -1.1398415 2.1153535 0 P 0
L -1.1798415 2.2153535 -1.1398415 2.2153535 0 P 0
L -1.1931339 1.8169291 -1.1651339 1.8169291 0 P 0
L -1.2549996 -1.1854337 -1.2549996 -1.1454337 0 P 0
L -1.2598415 2.0953535 -1.2598415 2.1353535 0 P 0
L -1.2598415 2.1953535 -1.2598415 2.2353535 0 P 0
L -1.265748 2.3226142 -1.265748 2.3506142 0 P 0
L -1.2749996 -1.1654337 -1.2349996 -1.1654337 0 P 0
L -1.279748 2.3366142 -1.251748 2.3366142 0 P 0
L -1.2798415 2.1153535 -1.2398415 2.1153535 0 P 0
L -1.2798415 2.2153535 -1.2398415 2.2153535 0 P 0
L -1.2992121 0.9645678 -1.2992121 1.0039378 0 P 0
L -1.3188971 0.9842528 -1.2795271 0.9842528 0 P 0
L -1.3307087 1.8029291 -1.3307087 1.8309291 0 P 0
L -1.3425205 -0.0492118 -1.3425205 0.0492134 0 P 0
L -1.3447087 1.8169291 -1.3167087 1.8169291 0 P 0
L -1.3523622 -1.0327007 -1.3523622 -1.0047007 0 P 0
L -1.3523622 -2.1577008 -1.3523622 -2.1297008 0 P 0
L -1.3598415 2.0953535 -1.3598415 2.1353535 0 P 0
L -1.3598415 2.1953535 -1.3598415 2.2353535 0 P 0
L -1.3663622 -1.0187007 -1.3383622 -1.0187007 0 P 0
L -1.3663622 -2.1437008 -1.3383622 -2.1437008 0 P 0
L -1.3673225 -0.1181102 -1.3673225 -0.0787402 0 P 0
L -1.3673225 0.0885818 -1.3673225 0.1279518 0 P 0
L -1.3673225 0.0885818 -1.3673225 0.1279518 0 P 0
L -1.3798415 2.1153535 -1.3398415 2.1153535 0 P 0
L -1.3798415 2.2153535 -1.3398415 2.2153535 0 P 0
L -1.3870075 -0.0984252 -1.3476375 -0.0984252 0 P 0
L -1.3870075 0.1082668 -1.3476375 0.1082668 0 P 0
L -1.3870075 0.1082668 -1.3476375 0.1082668 0 P 0
L -1.3917331 0.0000008 -1.2933079 0.0000008 0 P 0
L -1.3992121 0.9645678 -1.3992121 1.0039378 0 P 0
L -1.4188971 0.9842528 -1.3795271 0.9842528 0 P 0
L -1.4468504 1.9476142 -1.4468504 1.9756142 0 P 0
L -1.4608504 1.9616142 -1.4328504 1.9616142 0 P 0
L -1.4673225 -0.1181102 -1.4673225 -0.0787402 0 P 0
L -1.4673225 0.0885818 -1.4673225 0.1279518 0 P 0
L -1.4759996 -1.2144337 -1.4759996 -1.1164337 0 P 0
L -1.4870075 -0.0984252 -1.4476375 -0.0984252 0 P 0
L -1.4870075 0.1082668 -1.4476375 0.1082668 0 P 0
L -1.4921265 -0.0492118 -1.4921265 0.0492134 0 P 0
L -1.4992121 0.9645678 -1.4992121 1.0039378 0 P 0
L -1.5173225 -0.2027562 -1.5173225 -0.1633862 0 P 0
L -1.5188971 0.9842528 -1.4795271 0.9842528 0 P 0
L -1.5249996 -1.1654337 -1.4269996 -1.1654337 0 P 0
L -1.5370075 -0.1830712 -1.4976375 -0.1830712 0 P 0
L -1.5413391 0.0000008 -1.4429139 0.0000008 0 P 0
L -1.6358266 -0.9661017 -1.6358266 -0.9267317 0 P 0
L -1.6358266 -1.2220077 -1.6358266 -1.1826377 0 P 0
L -1.6358269 -1.3155125 -1.6358269 -1.2761425 0 P 0
L -1.6358269 -1.5714165 -1.6358269 -1.5320465 0 P 0
L -1.6555116 -0.9464167 -1.6161416 -0.9464167 0 P 0
L -1.6555116 -1.2023227 -1.6161416 -1.2023227 0 P 0
L -1.6555119 -1.2958275 -1.6161419 -1.2958275 0 P 0
L -1.6555119 -1.5517315 -1.6161419 -1.5517315 0 P 0
L -1.6613544 -1.7790937 -1.6613544 -1.7475977 0 P 0
L -1.6732283 0.6653544 -1.6732283 0.7913386 0 P 0
L -1.6732283 1.9251969 -1.6732283 2.0511811 0 P 0
L -1.6741339 -0.7913386 -1.6741339 -0.6653544 0 P 0
L -1.6771024 -1.7633457 -1.6456064 -1.7633457 0 P 0
L -1.7362204 0.7283465 -1.6102362 0.7283465 0 P 0
L -1.7362204 1.988189 -1.6102362 1.988189 0 P 0
L -1.737126 -0.7283465 -1.6111418 -0.7283465 0 P 0
L -1.8129926 -0.9661017 -1.8129926 -0.9267317 0 P 0
L -1.8129926 -1.2220077 -1.8129926 -1.1826377 0 P 0
L -1.8129929 -1.3155125 -1.8129929 -1.2761425 0 P 0
L -1.8129929 -1.5714165 -1.8129929 -1.5320465 0 P 0
L -1.8326776 -0.9464167 -1.7933076 -0.9464167 0 P 0
L -1.8326776 -1.2023227 -1.7933076 -1.2023227 0 P 0
L -1.8326779 -1.2958275 -1.7933079 -1.2958275 0 P 0
L -1.8326779 -1.5517315 -1.7933079 -1.5517315 0 P 0
L -1.8503304 -1.6609837 -1.8503304 -1.6294877 0 P 0
L -1.8503304 -1.8893317 -1.8503304 -1.8578357 0 P 0
L -1.8660784 -1.6452357 -1.8345824 -1.6452357 0 P 0
L -1.8660784 -1.8735837 -1.8345824 -1.8735837 0 P 0
L -2.0530864 -1.2499615 -2.0530864 -1.2204339 0 P 0
L -2.0530864 -1.3499615 -2.0530864 -1.3204339 0 P 0
L -2.0530864 -1.4499615 -2.0530864 -1.4204339 0 P 0
L -2.0678502 -1.2351977 -2.0383226 -1.2351977 0 P 0
L -2.0678502 -1.3351977 -2.0383226 -1.3351977 0 P 0
L -2.0678502 -1.4351977 -2.0383226 -1.4351977 0 P 0
L 0.0001969 0.9812993 0.0001969 1.0206693 0 P 0
L 0.0253154 -1.1654337 0.0646854 -1.1654337 0 P 0
L 0.0255896 2.5196853 0.1240148 2.5196853 0 P 0
L 0.0303148 0.7858663 0.0696848 0.7858663 0 P 0
L 0.0303152 2.4212593 0.0696852 2.4212593 0 P 0
L 0.0303152 2.6279533 0.0696852 2.6279533 0 P 0
L 0.0303152 2.6279533 0.0696852 2.6279533 0 P 0
L 0.0305118 1.1919291 0.0698818 1.1919291 0 P 0
L 0.0305118 2.1925039 0.0698818 2.1925039 0 P 0
L 0.0361969 1.257874 0.0641969 1.257874 0 P 0
L 0.0450004 -1.1851187 0.0450004 -1.1457487 0 P 0
L 0.0499998 0.7661813 0.0499998 0.8055513 0 P 0
L 0.0500002 2.4015743 0.0500002 2.4409443 0 P 0
L 0.0500002 2.6082683 0.0500002 2.6476383 0 P 0
L 0.0500002 2.6082683 0.0500002 2.6476383 0 P 0
L 0.0501968 1.1722441 0.0501968 1.2116141 0 P 0
L 0.0501968 2.1728189 0.0501968 2.2121889 0 P 0
L 0.0501969 1.243874 0.0501969 1.271874 0 P 0
L 0.0748022 2.4704727 0.0748022 2.5688979 0 P 0
L 0.0790156 1.9677161 0.1190156 1.9677161 0 P 0
L 0.0790156 2.0677161 0.1190156 2.0677161 0 P 0
L 0.0805119 1.0009843 0.1198819 1.0009843 0 P 0
L 0.0990156 1.9477161 0.0990156 1.9877161 0 P 0
L 0.0990156 2.0477161 0.0990156 2.0877161 0 P 0
L 0.1001969 0.9812993 0.1001969 1.0206693 0 P 0
L 0.1253154 -1.1654337 0.1646854 -1.1654337 0 P 0
L 0.1303148 0.7858663 0.1696848 0.7858663 0 P 0
L 0.1305118 1.1919291 0.1698818 1.1919291 0 P 0
L 0.1305118 2.1925039 0.1698818 2.1925039 0 P 0
L 0.1424961 1.6181102 0.1704961 1.6181102 0 P 0
L 0.1450004 -1.1851187 0.1450004 -1.1457487 0 P 0
L 0.1454488 2.6279528 0.1734488 2.6279528 0 P 0
L 0.1499998 0.7661813 0.1499998 0.8055513 0 P 0
L 0.1501968 1.1722441 0.1501968 1.2116141 0 P 0
L 0.1501968 2.1728189 0.1501968 2.2121889 0 P 0
L 0.1564961 1.6041102 0.1564961 1.6321102 0 P 0
L 0.1594488 2.6139528 0.1594488 2.6419528 0 P 0
L 0.1690709 1.3877953 0.1970709 1.3877953 0 P 0
L 0.1805119 1.0009843 0.2198819 1.0009843 0 P 0
L 0.1830709 1.3737953 0.1830709 1.4017953 0 P 0
L 0.2001969 0.9812993 0.2001969 1.0206693 0 P 0
L 0.2133622 2.4015748 0.2413622 2.4015748 0 P 0
L 0.2143465 -1.3248032 0.2423465 -1.3248032 0 P 0
L 0.2253154 -1.1654337 0.2646854 -1.1654337 0 P 0
L 0.2273622 2.3875748 0.2273622 2.4155748 0 P 0
L 0.2283465 -1.3388032 0.2283465 -1.3108032 0 P 0
L 0.2303148 0.7858663 0.2696848 0.7858663 0 P 0
L 0.2305118 1.1919291 0.2698818 1.1919291 0 P 0
L 0.2305118 2.1925039 0.2698818 2.1925039 0 P 0
L 0.236 1.1200787 0.264 1.1200787 0 P 0
L 0.2450004 -1.1851187 0.2450004 -1.1457487 0 P 0
L 0.2499998 0.7661813 0.2499998 0.8055513 0 P 0
L 0.25 1.1060787 0.25 1.1340787 0 P 0
L 0.2501968 1.1722441 0.2501968 1.2116141 0 P 0
L 0.2501968 2.1728189 0.2501968 2.2121889 0 P 0
L 0.2559055 -2.5812597 0.3740157 -2.5812597 0 P 0
L 0.2559055 1.7435423 0.3740157 1.7435423 0 P 0
L 0.2805119 1.0009843 0.3198819 1.0009843 0 P 0
L 0.3001969 0.9812993 0.3001969 1.0206693 0 P 0
L 0.3019449 1.9576772 0.3299449 1.9576772 0 P 0
L 0.3061016 -1.5354957 0.3461016 -1.5354957 0 P 0
L 0.3071016 -1.9404957 0.3471016 -1.9404957 0 P 0
L 0.3149606 -2.6403148 0.3149606 -2.5222046 0 P 0
L 0.3149606 1.6844872 0.3149606 1.8025974 0 P 0
L 0.3159449 1.9436772 0.3159449 1.9716772 0 P 0
L 0.3261016 -1.5554957 0.3261016 -1.5154957 0 P 0
L 0.3271016 -1.9604957 0.3271016 -1.9204957 0 P 0
L 0.3303148 0.7858663 0.3696848 0.7858663 0 P 0
L 0.3305118 1.1919291 0.3698818 1.1919291 0 P 0
L 0.3305118 2.1925039 0.3698818 2.1925039 0 P 0
L 0.3499998 0.7661813 0.3499998 0.8055513 0 P 0
L 0.3501968 1.1722441 0.3501968 1.2116141 0 P 0
L 0.3501968 2.1728189 0.3501968 2.2121889 0 P 0
L 0.3536021 2.4974803 0.3929721 2.4974803 0 P 0
L 0.3732871 2.4777953 0.3732871 2.5171653 0 P 0
L 0.3805119 1.0009843 0.4198819 1.0009843 0 P 0
L 0.3878041 2.5914503 0.4271741 2.5914503 0 P 0
L 0.3878041 2.5914503 0.4271741 2.5914503 0 P 0
L 0.3915118 1.2933071 0.4195118 1.2933071 0 P 0
L 0.3934803 0.1673228 0.4214803 0.1673228 0 P 0
L 0.3954488 0.0501969 0.4234488 0.0501969 0 P 0
L 0.4001969 0.9812993 0.4001969 1.0206693 0 P 0
L 0.4055118 1.2793071 0.4055118 1.3073071 0 P 0
L 0.4074803 0.1533228 0.4074803 0.1813228 0 P 0
L 0.4074891 2.5717653 0.4074891 2.6111353 0 P 0
L 0.4074891 2.5717653 0.4074891 2.6111353 0 P 0
L 0.4094488 0.0361969 0.4094488 0.0641969 0 P 0
L 0.4173285 2.4371423 0.5157537 2.4371423 0 P 0
L 0.4305118 1.1919291 0.4698818 1.1919291 0 P 0
L 0.4305118 2.1925039 0.4698818 2.1925039 0 P 0
L 0.4501968 1.1722441 0.4501968 1.2116141 0 P 0
L 0.4501968 2.1728189 0.4501968 2.2121889 0 P 0
L 0.4564724 2.0305118 0.4844724 2.0305118 0 P 0
L 0.4665411 2.3879297 0.4665411 2.4863549 0 P 0
L 0.4684985 2.5777263 0.5669237 2.5777263 0 P 0
L 0.4704724 2.0165118 0.4704724 2.0445118 0 P 0
L 0.4805119 1.0009843 0.5198819 1.0009843 0 P 0
L 0.486 0.8651575 0.514 0.8651575 0 P 0
L 0.5 0.8511575 0.5 0.8791575 0 P 0
L 0.5001969 0.9812993 0.5001969 1.0206693 0 P 0
L 0.5177111 2.5285137 0.5177111 2.6269389 0 P 0
L 0.5305118 1.1919291 0.5698818 1.1919291 0 P 0
L 0.5305118 2.1925039 0.5698818 2.1925039 0 P 0
L 0.5371811 2.1190945 0.5651811 2.1190945 0 P 0
L 0.5478301 2.4267863 0.5872001 2.4267863 0 P 0
L 0.5501968 1.1722441 0.5501968 1.2116141 0 P 0
L 0.5501968 2.1728189 0.5501968 2.2121889 0 P 0
L 0.5511811 2.1050945 0.5511811 2.1330945 0 P 0
L 0.5675151 2.4071013 0.5675151 2.4464713 0 P 0
L 0.5820321 2.5207563 0.6214021 2.5207563 0 P 0
L 0.5974405 -0.2834646 0.6289365 -0.2834646 0 P 0
L 0.5974405 -0.5590546 0.6289365 -0.5590546 0 P 0
L 0.6017171 2.5010713 0.6017171 2.5404413 0 P 0
L 0.6102701 2.3508523 0.6496401 2.3508523 0 P 0
L 0.6131885 -0.2992126 0.6131885 -0.2677166 0 P 0
L 0.6131885 -0.5748026 0.6131885 -0.5433066 0 P 0
L 0.6299551 2.3311673 0.6299551 2.3705373 0 P 0
L 0.6305118 1.1919291 0.6698818 1.1919291 0 P 0
L 0.6305118 2.1925039 0.6698818 2.1925039 0 P 0
L 0.6501968 1.1722441 0.6501968 1.2116141 0 P 0
L 0.6501968 2.1728189 0.6501968 2.2121889 0 P 0
L 0.6533228 0.9557087 0.6813228 0.9557087 0 P 0
L 0.6673228 0.9417087 0.6673228 0.9697087 0 P 0
L 0.7271417 0.6732283 0.7551417 0.6732283 0 P 0
L 0.7305118 1.1919291 0.7698818 1.1919291 0 P 0
L 0.7305118 2.1925039 0.7698818 2.1925039 0 P 0
L 0.7411417 0.6592283 0.7411417 0.6872283 0 P 0
L 0.7461408 2.3358255 0.7861408 2.3358255 0 P 0
L 0.7461408 2.4358255 0.7861408 2.4358255 0 P 0
L 0.7501968 1.1722441 0.7501968 1.2116141 0 P 0
L 0.7501968 2.1728189 0.7501968 2.2121889 0 P 0
L 0.7637785 0.9566929 0.8110225 0.9566929 0 P 0
L 0.7661408 2.3158255 0.7661408 2.3558255 0 P 0
L 0.7661408 2.4158255 0.7661408 2.4558255 0 P 0
L 0.7874005 0.9330709 0.7874005 0.9803149 0 P 0
L 0.8305118 1.1919291 0.8698818 1.1919291 0 P 0
L 0.8305118 2.1925039 0.8698818 2.1925039 0 P 0
L 0.8461408 2.3358255 0.8861408 2.3358255 0 P 0
L 0.8461408 2.4358255 0.8861408 2.4358255 0 P 0
L 0.8501968 1.1722441 0.8501968 1.2116141 0 P 0
L 0.8501968 2.1728189 0.8501968 2.2121889 0 P 0
L 0.8637785 0.9566929 0.9110225 0.9566929 0 P 0
L 0.8661408 2.3158255 0.8661408 2.3558255 0 P 0
L 0.8661408 2.4158255 0.8661408 2.4558255 0 P 0
L 0.8874005 0.9330709 0.8874005 0.9803149 0 P 0
L 0.9201007 2.5345725 0.9481007 2.5345725 0 P 0
L 0.9305118 1.1919291 0.9698818 1.1919291 0 P 0
L 0.9305118 2.1925039 0.9698818 2.1925039 0 P 0
L 0.9341007 2.5205725 0.9341007 2.5485725 0 P 0
L 0.9461408 2.3358255 0.9861408 2.3358255 0 P 0
L 0.9461408 2.4358255 0.9861408 2.4358255 0 P 0
L 0.9501968 1.1722441 0.9501968 1.2116141 0 P 0
L 0.9501968 2.1728189 0.9501968 2.2121889 0 P 0
L 0.9637785 0.9566929 1.0110225 0.9566929 0 P 0
L 0.9653307 2.109252 0.9933307 2.109252 0 P 0
L 0.9661408 2.3158255 0.9661408 2.3558255 0 P 0
L 0.9661408 2.4158255 0.9661408 2.4558255 0 P 0
L 0.9793307 2.095252 0.9793307 2.123252 0 P 0
L 0.9874005 0.9330709 0.9874005 0.9803149 0 P 0
L 1.0637785 0.9566929 1.1110225 0.9566929 0 P 0
L 1.0874005 0.9330709 1.0874005 0.9803149 0 P 0
L 1.139843 2.1153547 1.179843 2.1153547 0 P 0
L 1.139843 2.2153547 1.179843 2.2153547 0 P 0
L 1.159843 2.0953547 1.159843 2.1353547 0 P 0
L 1.159843 2.1953547 1.159843 2.2353547 0 P 0
L 1.1907244 2.3622047 1.2187244 2.3622047 0 P 0
L 1.2047244 2.3482047 1.2047244 2.3762047 0 P 0
L 1.239843 2.1153547 1.279843 2.1153547 0 P 0
L 1.239843 2.2153547 1.279843 2.2153547 0 P 0
L 1.259843 2.0953547 1.259843 2.1353547 0 P 0
L 1.259843 2.1953547 1.259843 2.2353547 0 P 0
L 1.2812136 0.9842517 1.3172136 0.9842517 0 P 0
L 1.2933079 0.0000003 1.3917331 0.0000003 0 P 0
L 1.2976375 -0.1830717 1.3370075 -0.1830717 0 P 0
L 1.2992136 0.9662517 1.2992136 1.0022517 0 P 0
L 1.3173225 -0.2027567 1.3173225 -0.1633867 0 P 0
L 1.339843 2.1153547 1.379843 2.1153547 0 P 0
L 1.339843 2.2153547 1.379843 2.2153547 0 P 0
L 1.3425205 -0.0492123 1.3425205 0.0492129 0 P 0
L 1.3476375 -0.0984257 1.3870075 -0.0984257 0 P 0
L 1.3476375 0.1082683 1.3870075 0.1082683 0 P 0
L 1.359843 2.0953547 1.359843 2.1353547 0 P 0
L 1.359843 2.1953547 1.359843 2.2353547 0 P 0
L 1.3673225 -0.1181107 1.3673225 -0.0787407 0 P 0
L 1.3673225 0.0885833 1.3673225 0.1279533 0 P 0
L 1.3812136 0.9842517 1.4172136 0.9842517 0 P 0
L 1.391772 1.3779533 1.421772 1.3779533 0 P 0
L 1.3992136 0.9662517 1.3992136 1.0022517 0 P 0
L 1.406772 1.3629533 1.406772 1.3929533 0 P 0
L 1.4270004 -1.1654337 1.5250004 -1.1654337 0 P 0
L 1.4429139 0.0000003 1.5413391 0.0000003 0 P 0
L 1.4476375 -0.0984257 1.4870075 -0.0984257 0 P 0
L 1.4476375 0.1082683 1.4870075 0.1082683 0 P 0
L 1.4476375 0.1082683 1.4870075 0.1082683 0 P 0
L 1.4673225 -0.1181107 1.4673225 -0.0787407 0 P 0
L 1.4673225 0.0885833 1.4673225 0.1279533 0 P 0
L 1.4673225 0.0885833 1.4673225 0.1279533 0 P 0
L 1.4760004 -1.2144337 1.4760004 -1.1164337 0 P 0
L 1.4812136 0.9842517 1.5172136 0.9842517 0 P 0
L 1.4921265 -0.0492123 1.4921265 0.0492129 0 P 0
L 1.4992136 0.9662517 1.4992136 1.0022517 0 P 0
L 1.5125748 2.0757874 1.5405748 2.0757874 0 P 0
L 1.5265748 2.0617874 1.5265748 2.0897874 0 P 0
L 1.5812136 0.9842517 1.6172136 0.9842517 0 P 0
L 1.5992136 0.9662517 1.5992136 1.0022517 0 P 0
L 1.6063621 -1.8371657 1.6654171 -1.8371657 0 P 0
L 1.6102362 -0.7283465 1.7362204 -0.7283465 0 P 0
L 1.6102362 0.7283465 1.7362204 0.7283465 0 P 0
L 1.6102362 1.988189 1.7362204 1.988189 0 P 0
L 1.6161409 -0.9464167 1.6555109 -0.9464167 0 P 0
L 1.6161409 -1.2023227 1.6555109 -1.2023227 0 P 0
L 1.6161411 -1.2958275 1.6555111 -1.2958275 0 P 0
L 1.6161411 -1.5517335 1.6555111 -1.5517335 0 P 0
L 1.6358259 -0.9661017 1.6358259 -0.9267317 0 P 0
L 1.6358259 -1.2220077 1.6358259 -1.1826377 0 P 0
L 1.6358261 -1.3155125 1.6358261 -1.2761425 0 P 0
L 1.6358261 -1.5714185 1.6358261 -1.5320485 0 P 0
L 1.6358896 -1.8666932 1.6358896 -1.8076382 0 P 0
L 1.6732283 -0.7913386 1.6732283 -0.6653544 0 P 0
L 1.6732283 0.6653544 1.6732283 0.7913386 0 P 0
L 1.6732283 1.9251969 1.6732283 2.0511811 0 P 0
L 1.6812136 0.9842517 1.7172136 0.9842517 0 P 0
L 1.696772 1.3779533 1.726772 1.3779533 0 P 0
L 1.6992136 0.9662517 1.6992136 1.0022517 0 P 0
L 1.7028196 -1.8371657 1.7343156 -1.8371657 0 P 0
L 1.711772 1.3629533 1.711772 1.3929533 0 P 0
L 1.7185676 -1.8529137 1.7185676 -1.8214177 0 P 0
L 1.7812136 0.9842517 1.8172136 0.9842517 0 P 0
L 1.7815596 -1.8371657 1.8130556 -1.8371657 0 P 0
L 1.7933069 -0.9464167 1.8326769 -0.9464167 0 P 0
L 1.7933069 -1.2023227 1.8326769 -1.2023227 0 P 0
L 1.7933071 -1.2958275 1.8326771 -1.2958275 0 P 0
L 1.7933071 -1.5517335 1.8326771 -1.5517335 0 P 0
L 1.7973076 -1.8529137 1.7973076 -1.8214177 0 P 0
L 1.7992136 0.9662517 1.7992136 1.0022517 0 P 0
L 1.8129919 -0.9661017 1.8129919 -0.9267317 0 P 0
L 1.8129919 -1.2220077 1.8129919 -1.1826377 0 P 0
L 1.8129921 -1.3155125 1.8129921 -1.2761425 0 P 0
L 1.8129921 -1.5714185 1.8129921 -1.5320485 0 P 0
L 1.8602996 -1.8371657 1.8917956 -1.8371657 0 P 0
L 1.8760476 -1.8529137 1.8760476 -1.8214177 0 P 0
L 1.8787165 -1.6604331 1.9067165 -1.6604331 0 P 0
L 1.8927165 -1.6744331 1.8927165 -1.6464331 0 P 0
L 1.9291961 -1.8371657 1.9882511 -1.8371657 0 P 0
L 1.9587236 -1.8666932 1.9587236 -1.8076382 0 P 0
