#Layer_Color=15314666
#
#Feature symbol names
#
$0 r3.937
$1 r1.9685
$2 r5.9055
$3 r10

#
#Feature attribute names
#

#
#Layer features
#
L -0.0009841 1.2824791 -0.0009841 1.3848411 1 P 0
L -0.0009841 1.2824791 0.1722439 1.2824791 1 P 0
L -0.0009841 1.3848411 0.1722439 1.3848411 1 P 0
L -0.0009843 0.5777552 -0.0009843 0.7509852 1 P 0
L -0.0009843 0.5777552 0.1013777 0.5777552 1 P 0
L -0.0009843 0.7509852 0.1013777 0.7509852 1 P 0
L -0.0049206 1.4035437 -0.0049206 1.5767717 1 P 0
L -0.0049206 1.4035437 0.0974414 1.4035437 1 P 0
L -0.0049206 1.5767717 0.0974414 1.5767717 1 P 0
L -0.0068894 1.5620076 -0.0068894 1.6013776 0 P 0
L -0.009843 1.403543 -0.009843 1.576773 1 P 0
L -0.0265734 1.5816936 0.0127966 1.5816936 0 P 0
L -0.0580714 1.4950796 -0.0580714 1.6683076 1 P 0
L -0.0580714 1.4950796 0.0442926 1.4950796 1 P 0
L -0.0580714 1.6683076 0.0442926 1.6683076 1 P 0
L -0.061025 1.470473 -0.061025 1.509843 0 P 0
L -0.080709 1.490157 -0.041339 1.490157 0 P 0
L -0.112205 1.403543 -0.009843 1.403543 1 P 0
L -0.112205 1.403543 -0.112205 1.576773 1 P 0
L -0.112205 1.576773 -0.009843 1.576773 1 P 0
L -0.1141738 1.4005916 -0.1141738 1.5029536 1 P 0
L -0.1249996 -1.7754337 0.1250004 -1.7754337 3 P 0
L -0.1383849 1.2312989 -0.1383849 1.3533469 1 P 0
L -0.1555118 1.9163377 -0.1555118 2.0186997 1 P 0
L -0.1998029 1.2726369 -0.1998029 1.3120089 0 P 0
L -0.2007878 1.4320876 -0.2007878 1.4714576 0 P 0
L -0.2194889 1.2923229 -0.1801189 1.2923229 0 P 0
L -0.2204718 1.4517716 -0.1811018 1.4517716 0 P 0
L -0.2421258 1.9478337 -0.2421258 1.9872037 0 P 0
L -0.2612209 1.2312989 -0.1383849 1.2312989 1 P 0
L -0.2612209 1.2312989 -0.2612209 1.3533469 1 P 0
L -0.2612209 1.3533469 -0.1383849 1.3533469 1 P 0
L -0.2618098 1.9675197 -0.2224398 1.9675197 0 P 0
L -0.2657495 1.2244106 -0.2657495 1.3267726 1 P 0
L -0.2694871 0.9312983 -0.2694871 1.0706683 2 P 0
L -0.2694871 0.9312983 0.5698829 0.9312983 2 P 0
L -0.2694871 1.0706683 0.5698829 1.0706683 2 P 0
L -0.2874018 1.4005916 -0.1141738 1.4005916 1 P 0
L -0.2874018 1.4005916 -0.2874018 1.5029536 1 P 0
L -0.2874018 1.5029536 -0.1141738 1.5029536 1 P 0
L -0.3287398 1.9163377 -0.1555118 1.9163377 1 P 0
L -0.3287398 1.9163377 -0.3287398 2.0186997 1 P 0
L -0.3287398 2.0186997 -0.1555118 2.0186997 1 P 0
L -0.3523635 1.2559066 -0.3523635 1.2952766 0 P 0
L -0.3720475 1.2755906 -0.3326775 1.2755906 0 P 0
L -0.4389775 1.2244106 -0.2657495 1.2244106 1 P 0
L -0.4389775 1.2244106 -0.4389775 1.3267726 1 P 0
L -0.4389775 1.3267726 -0.2657495 1.3267726 1 P 0
L -0.7549209 0.7322839 -0.7549209 0.9055119 1 P 0
L -0.7923224 2.4901559 -0.7923224 2.5925179 1 P 0
L -0.8061029 0.7992139 -0.8061029 0.8385839 0 P 0
L -0.8257869 0.8188979 -0.7864169 0.8188979 0 P 0
L -0.8543308 0.7322838 -0.8543308 0.9055118 1 P 0
L -0.8572829 0.7322839 -0.7549209 0.7322839 1 P 0
L -0.8572829 0.7322839 -0.8572829 0.9055119 1 P 0
L -0.8572829 0.9055119 -0.7549209 0.9055119 1 P 0
L -0.8789364 2.5216519 -0.8789364 2.5610219 0 P 0
L -0.8986224 2.5413359 -0.8592524 2.5413359 0 P 0
L -0.9055128 0.7992138 -0.9055128 0.8385838 0 P 0
L -0.9251968 0.8188978 -0.8858268 0.8188978 0 P 0
L -0.9566928 0.7322838 -0.8543308 0.7322838 1 P 0
L -0.9566928 0.7322838 -0.9566928 0.9055118 1 P 0
L -0.9566928 0.9055118 -0.8543308 0.9055118 1 P 0
L -0.9655504 2.4901559 -0.7923224 2.4901559 1 P 0
L -0.9655504 2.4901559 -0.9655504 2.5925179 1 P 0
L -0.9655504 2.5925179 -0.7923224 2.5925179 1 P 0
L -0.973426 0.9911416 -0.973426 1.1643696 1 P 0
L -0.9990162 2.3120089 -0.9990162 2.4852369 1 P 0
L -1.024606 1.0580696 -1.024606 1.0974396 0 P 0
L -1.0246065 0.896655 -1.0246065 0.936025 3 P 0
L -1.0265741 2.0925179 -1.0265741 2.2657479 1 P 0
L -1.0442905 0.916339 -1.0049205 0.916339 3 P 0
L -1.044292 1.0777556 -1.004922 1.0777556 0 P 0
L -1.0501982 2.3789369 -1.0501982 2.4183089 0 P 0
L -1.0698822 2.3986229 -1.0305122 2.3986229 0 P 0
L -1.075788 0.9911416 -0.973426 0.9911416 1 P 0
L -1.075788 0.9911416 -1.075788 1.1643696 1 P 0
L -1.075788 1.1643696 -0.973426 1.1643696 1 P 0
L -1.0777561 2.1594479 -1.0777561 2.1988179 0 P 0
L -1.0816937 2.3120069 -1.0816937 2.4852369 1 P 0
L -1.0935039 0.9911396 -1.0935039 1.1643696 1 P 0
L -1.0974421 2.1791339 -1.0580701 2.1791339 0 P 0
L -1.1013782 2.3120089 -0.9990162 2.3120089 1 P 0
L -1.1013782 2.3120089 -1.1013782 2.4852369 1 P 0
L -1.1013782 2.4852369 -0.9990162 2.4852369 1 P 0
L -1.1289381 2.0925179 -1.0265741 2.0925179 1 P 0
L -1.1289381 2.0925179 -1.1289381 2.2657479 1 P 0
L -1.1289381 2.2657479 -1.0265741 2.2657479 1 P 0
L -1.1328737 2.3789369 -1.1328737 2.4183069 0 P 0
L -1.1446839 1.0580696 -1.1446839 1.0974396 0 P 0
L -1.144684 0.8966539 -1.144684 0.9360239 3 P 0
L -1.1525597 2.3986229 -1.1131897 2.3986229 0 P 0
L -1.1643699 1.0777556 -1.1249999 1.0777556 0 P 0
L -1.16437 0.9163399 -1.125 0.9163399 3 P 0
L -1.1840557 2.3120069 -1.0816937 2.3120069 1 P 0
L -1.1840557 2.3120069 -1.1840557 2.4852369 1 P 0
L -1.1840557 2.4852369 -1.0816937 2.4852369 1 P 0
L -1.1958659 0.9911396 -1.0935039 0.9911396 1 P 0
L -1.1958659 0.9911396 -1.1958659 1.1643696 1 P 0
L -1.1958659 1.1643696 -1.0935039 1.1643696 1 P 0
L -1.3090553 1.9114182 -1.3090553 2.0846462 1 P 0
L -1.3602353 1.9783462 -1.3602353 2.0177162 0 P 0
L -1.3799213 1.9980322 -1.3405513 1.9980322 0 P 0
L -1.3917323 2.0925197 -1.3917323 2.2657497 1 P 0
L -1.4114173 1.9114182 -1.3090553 1.9114182 1 P 0
L -1.4114173 1.9114182 -1.4114173 2.0846462 1 P 0
L -1.4114173 2.0846462 -1.3090553 2.0846462 1 P 0
L -1.4429143 2.1594497 -1.4429143 2.1988197 0 P 0
L -1.4625983 2.1791337 -1.4232283 2.1791337 0 P 0
L -1.4940943 2.0925197 -1.3917323 2.0925197 1 P 0
L -1.4940943 2.0925197 -1.4940943 2.2657497 1 P 0
L -1.4940943 2.2657497 -1.3917323 2.2657497 1 P 0
L -1.6049996 -1.0404337 1.5950004 -1.0404337 3 P 0
L -1.6049996 -2.5154337 -1.6049996 -1.0404337 3 P 0
L -1.6049996 -2.5154337 1.5950004 -2.5154337 3 P 0
L -1.8513773 -1.0698824 -1.8513773 -0.8966544 1 P 0
L -1.8513777 -1.3444882 -1.8513777 -1.1712602 1 P 0
L -1.9025593 -1.0029524 -1.9025593 -0.9635824 0 P 0
L -1.9025597 -1.2775602 -1.9025597 -1.2381882 0 P 0
L -1.9222433 -0.9832684 -1.8828733 -0.9832684 0 P 0
L -1.9222437 -1.2578742 -1.8828737 -1.2578742 0 P 0
L -1.9537393 -0.8966544 -1.8513773 -0.8966544 1 P 0
L -1.9537393 -1.0698824 -1.8513773 -1.0698824 1 P 0
L -1.9537393 -1.0698824 -1.9537393 -0.8966544 1 P 0
L -1.9537397 -1.1712602 -1.8513777 -1.1712602 1 P 0
L -1.9537397 -1.3444882 -1.8513777 -1.3444882 1 P 0
L -1.9537397 -1.3444882 -1.9537397 -1.1712602 1 P 0
L 0.0000004 -1.9004337 0.0000004 -1.6504337 3 P 0
L 0.0118116 1.419291 0.0118116 1.521655 1 P 0
L 0.0118116 1.419291 0.1850396 1.419291 1 P 0
L 0.0118116 1.521655 0.1850396 1.521655 1 P 0
L 0.0265754 1.4901577 0.0659454 1.4901577 0 P 0
L 0.0305117 0.6643692 0.0698817 0.6643692 0 P 0
L 0.0389758 1.2874013 0.0389758 1.4094473 1 P 0
L 0.0389758 1.2874013 0.1618098 1.2874013 1 P 0
L 0.0389758 1.4094473 0.1618098 1.4094473 1 P 0
L 0.0442926 1.4950796 0.0442926 1.6683076 1 P 0
L 0.0462594 1.4704717 0.0462594 1.5098417 0 P 0
L 0.0482274 1.5679149 0.0482274 1.7411429 1 P 0
L 0.0482274 1.5679149 0.1505894 1.5679149 1 P 0
L 0.0482274 1.7411429 0.1505894 1.7411429 1 P 0
L 0.0482298 1.7440958 0.0482298 1.9173238 1 P 0
L 0.0482298 1.7440958 0.1505918 1.7440958 1 P 0
L 0.0482298 1.9173238 0.1505918 1.9173238 1 P 0
L 0.0501957 0.6446852 0.0501957 0.6840552 0 P 0
L 0.0570857 -0.8307097 0.1594477 -0.8307097 1 P 0
L 0.0570857 -1.0039377 0.0570857 -0.8307097 1 P 0
L 0.0570857 -1.0039377 0.1594477 -1.0039377 1 P 0
L 0.0659439 1.3336611 0.1053139 1.3336611 0 P 0
L 0.0787396 1.470473 0.1181096 1.470473 0 P 0
L 0.0797234 1.6545289 0.1190934 1.6545289 0 P 0
L 0.0797258 1.8307098 0.1190958 1.8307098 0 P 0
L 0.0807078 1.3484233 0.1200778 1.3484233 0 P 0
L 0.0842514 -0.9970479 0.2070874 -0.9970479 1 P 0
L 0.0842514 -1.1190939 0.0842514 -0.9970479 1 P 0
L 0.0842514 -1.1190939 0.2070874 -1.1190939 1 P 0
L 0.0856299 1.3139751 0.0856299 1.3533451 0 P 0
L 0.0885817 -0.9173237 0.1279517 -0.9173237 0 P 0
L 0.0944895 -1.2017707 0.1968515 -1.2017707 1 P 0
L 0.0944895 -1.3750007 0.0944895 -1.2017707 1 P 0
L 0.0944895 -1.3750007 0.1968515 -1.3750007 1 P 0
L 0.0974414 1.4035437 0.0974414 1.5767717 1 P 0
L 0.0984256 1.450789 0.0984256 1.490159 0 P 0
L 0.0990157 1.4261811 0.0990157 1.5482271 1 P 0
L 0.0990157 1.4261811 0.2218497 1.4261811 1 P 0
L 0.0990157 1.5482271 0.2218497 1.5482271 1 P 0
L 0.0994092 0.5777564 0.0994092 0.7509844 1 P 0
L 0.0994092 0.5777564 0.2017712 0.5777564 1 P 0
L 0.0994092 0.7509844 0.2017712 0.7509844 1 P 0
L 0.0994094 1.6348429 0.0994094 1.6742129 0 P 0
L 0.0994098 1.8110238 0.0994098 1.8503938 0 P 0
L 0.1003938 1.3287393 0.1003938 1.3681093 0 P 0
L 0.1013777 0.5777552 0.1013777 0.7509852 1 P 0
L 0.1082677 -0.9370077 0.1082677 -0.8976377 0 P 0
L 0.1259834 -1.0580699 0.1653534 -1.0580699 0 P 0
L 0.1259855 -1.2883867 0.1653555 -1.2883867 0 P 0
L 0.1309052 0.6643704 0.1702752 0.6643704 0 P 0
L 0.1407477 1.4872031 0.1801177 1.4872031 0 P 0
L 0.1456694 -1.0777559 0.1456694 -1.0383859 0 P 0
L 0.1456695 -1.3080707 0.1456695 -1.2687007 0 P 0
L 0.1505892 0.6446844 0.1505892 0.6840544 0 P 0
L 0.1505894 1.5679149 0.1505894 1.7411429 1 P 0
L 0.1505918 1.7440958 0.1505918 1.9173238 1 P 0
L 0.1594477 -1.0039377 0.1594477 -0.8307097 1 P 0
L 0.1604317 1.4675191 0.1604317 1.5068891 0 P 0
L 0.1618098 1.2874013 0.1618098 1.4094473 1 P 0
L 0.1722439 1.2824791 0.1722439 1.3848411 1 P 0
L 0.1811026 1.2667337 0.1811026 1.3690957 1 P 0
L 0.1811026 1.2667337 0.3543306 1.2667337 1 P 0
L 0.1811026 1.3690957 0.3543306 1.3690957 1 P 0
L 0.1850396 1.419291 0.1850396 1.521655 1 P 0
L 0.1968515 -1.3750007 0.1968515 -1.2017707 1 P 0
L 0.2017712 0.5777564 0.2017712 0.7509844 1 P 0
L 0.2070874 -1.1190939 0.2070874 -0.9970479 1 P 0
L 0.2218497 1.4261811 0.2218497 1.5482271 1 P 0
L 0.2480326 1.3179137 0.2874026 1.3179137 0 P 0
L 0.2677166 1.2982297 0.2677166 1.3375997 0 P 0
L 0.3238176 1.9055109 0.3238176 2.0078749 1 P 0
L 0.3238176 1.9055109 0.4970456 1.9055109 1 P 0
L 0.3238176 2.0078749 0.4970456 2.0078749 1 P 0
L 0.3543306 1.2667337 0.3543306 1.3690957 1 P 0
L 0.3907476 1.9566929 0.4301176 1.9566929 0 P 0
L 0.4104316 1.9370069 0.4104316 1.9763789 0 P 0
L 0.4960613 1.9316946 0.4960613 2.0545286 1 P 0
L 0.4960613 1.9316946 0.6181093 1.9316946 1 P 0
L 0.4960613 2.0545286 0.6181093 2.0545286 1 P 0
L 0.4970456 1.9055109 0.4970456 2.0078749 1 P 0
L 0.5374013 1.9931106 0.5767713 1.9931106 0 P 0
L 0.5570853 1.9734266 0.5570853 2.0127966 0 P 0
L 0.5698829 0.9312983 0.5698829 1.0706683 2 P 0
L 0.6181093 1.9316946 0.6181093 2.0545286 1 P 0
L 0.7559062 2.4862189 0.7559062 2.5885809 1 P 0
L 0.7559062 2.4862189 0.9291342 2.4862189 1 P 0
L 0.7559062 2.5885809 0.9291342 2.5885809 1 P 0
L 0.8228342 2.5374009 0.8622042 2.5374009 0 P 0
L 0.8425202 2.5177149 0.8425202 2.5570849 0 P 0
L 0.9291342 2.4862189 0.9291342 2.5885809 1 P 0
L 0.998031 2.3120072 0.998031 2.4852372 1 P 0
L 0.998031 2.3120072 1.100393 2.3120072 1 P 0
L 0.998031 2.4852372 1.100393 2.4852372 1 P 0
L 1.0265744 2.0925194 1.0265744 2.2657474 1 P 0
L 1.0265744 2.0925194 1.1289364 2.0925194 1 P 0
L 1.0265744 2.2657474 1.1289364 2.2657474 1 P 0
L 1.029527 2.3986212 1.068897 2.3986212 0 P 0
L 1.049213 2.3789372 1.049213 2.4183072 0 P 0
L 1.0580704 2.1791334 1.0974404 2.1791334 0 P 0
L 1.0777564 2.1594494 1.0777564 2.1988194 0 P 0
L 1.0905523 2.3120074 1.0905523 2.4852354 1 P 0
L 1.0905523 2.3120074 1.1929143 2.3120074 1 P 0
L 1.0905523 2.4852354 1.1929143 2.4852354 1 P 0
L 1.100393 2.3120072 1.100393 2.4852372 1 P 0
L 1.1220483 2.3986214 1.1614183 2.3986214 0 P 0
L 1.1289364 2.0925194 1.1289364 2.2657474 1 P 0
L 1.1417323 2.3789374 1.1417323 2.4183074 0 P 0
L 1.1929143 2.3120074 1.1929143 2.4852354 1 P 0
L 1.3917334 2.0925212 1.3917334 2.2657492 1 P 0
L 1.3917334 2.0925212 1.4940954 2.0925212 1 P 0
L 1.3917334 2.2657492 1.4940954 2.2657492 1 P 0
L 1.4232294 2.1791352 1.4625994 2.1791352 0 P 0
L 1.4429134 2.1594492 1.4429134 2.1988192 0 P 0
L 1.4753941 2.092519 1.4753941 2.265747 1 P 0
L 1.4753941 2.092519 1.5777561 2.092519 1 P 0
L 1.4753941 2.265747 1.5777561 2.265747 1 P 0
L 1.4940954 2.0925212 1.4940954 2.2657492 1 P 0
L 1.5068901 2.179133 1.5462601 2.179133 0 P 0
L 1.5265741 2.159449 1.5265741 2.198819 0 P 0
L 1.5777561 2.092519 1.5777561 2.265747 1 P 0
L 1.5950004 -2.5154337 1.5950004 -1.0404337 3 P 0
L 1.8523609 -1.4281511 1.9547229 -1.4281511 1 P 0
L 1.8523609 -1.6013791 1.8523609 -1.4281511 1 P 0
L 1.8523609 -1.6013791 1.9547229 -1.6013791 1 P 0
L 1.8523616 -1.0797242 1.9547236 -1.0797242 1 P 0
L 1.8523616 -1.2529522 1.8523616 -1.0797242 1 P 0
L 1.8523616 -1.2529522 1.9547236 -1.2529522 1 P 0
L 1.8838569 -1.5147651 1.9232269 -1.5147651 0 P 0
L 1.8838576 -1.1663382 1.9232276 -1.1663382 0 P 0
L 1.9035429 -1.5344491 1.9035429 -1.4950791 0 P 0
L 1.9035436 -1.1860242 1.9035436 -1.1466542 0 P 0
L 1.9232281 -1.6092508 2.0964561 -1.6092508 1 P 0
L 1.9232281 -1.7116128 1.9232281 -1.6092508 1 P 0
L 1.9232281 -1.7116128 2.0964561 -1.7116128 1 P 0
L 1.9547229 -1.6013791 1.9547229 -1.4281511 1 P 0
L 1.9547236 -1.2529522 1.9547236 -1.0797242 1 P 0
L 1.9901581 -1.6604328 2.0295281 -1.6604328 0 P 0
L 1.9940942 -0.9448815 2.0964562 -0.9448815 1 P 0
L 1.9940942 -1.1181095 1.9940942 -0.9448815 1 P 0
L 1.9940942 -1.1181095 2.0964562 -1.1181095 1 P 0
L 2.0098421 -1.6801168 2.0098421 -1.6407468 0 P 0
L 2.0118115 -1.1151568 2.0787415 -1.1151568 0 P 0
L 2.0118115 -1.2509848 2.0118115 -1.1151568 0 P 0
L 2.0118115 -1.2509848 2.0787415 -1.2509848 0 P 0
L 2.0127938 -1.4783471 2.0797238 -1.4783471 0 P 0
L 2.0127938 -1.6141731 2.0127938 -1.4783471 0 P 0
L 2.0127938 -1.6141731 2.0797238 -1.6141731 0 P 0
L 2.0255902 -1.0314955 2.0649602 -1.0314955 0 P 0
L 2.0255915 -1.1830708 2.0649615 -1.1830708 0 P 0
L 2.0265738 -1.5462591 2.0659438 -1.5462591 0 P 0
L 2.0452755 -1.2027568 2.0452755 -1.1633868 0 P 0
L 2.0452762 -1.0511795 2.0452762 -1.0118095 0 P 0
L 2.0462578 -1.5659451 2.0462578 -1.5265751 0 P 0
L 2.0787415 -1.2509848 2.0787415 -1.1151568 0 P 0
L 2.0797238 -1.6141731 2.0797238 -1.4783471 0 P 0
L 2.0964561 -1.7116128 2.0964561 -1.6092508 1 P 0
L 2.0964562 -1.1181095 2.0964562 -0.9448815 1 P 0
