#Layer_Color=15138737
#
#Feature symbol names
#
$0 r3.937

#
#Feature attribute names
#

#
#Layer features
#
L -0.032481 1.446653 -0.032481 1.533661 0 P 0
L -0.0354334 1.5381896 -0.0354334 1.6251976 0 P 0
L -0.0354334 1.5381896 0.0216546 1.5381896 0 P 0
L -0.0354334 1.6251976 0.0216546 1.6251976 0 P 0
L -0.089569 1.446653 -0.032481 1.446653 0 P 0
L -0.089569 1.446653 -0.089569 1.533661 0 P 0
L -0.089569 1.533661 -0.032481 1.533661 0 P 0
L -0.1423229 1.2667329 -0.1423229 1.3179129 0 P 0
L -0.1572838 1.4232276 -0.1572838 1.4803156 0 P 0
L -0.1986218 1.9389757 -0.1986218 1.9960617 0 P 0
L -0.2442918 1.4232276 -0.1572838 1.4232276 0 P 0
L -0.2442918 1.4232276 -0.2442918 1.4803156 0 P 0
L -0.2442918 1.4803156 -0.1572838 1.4803156 0 P 0
L -0.2572829 1.2667329 -0.1423229 1.2667329 0 P 0
L -0.2572829 1.2667329 -0.2572829 1.3179129 0 P 0
L -0.2572829 1.3179129 -0.1423229 1.3179129 0 P 0
L -0.2856298 1.9389757 -0.1986218 1.9389757 0 P 0
L -0.2856298 1.9389757 -0.2856298 1.9960617 0 P 0
L -0.2856298 1.9960617 -0.1986218 1.9960617 0 P 0
L -0.3088595 1.2470486 -0.3088595 1.3041346 0 P 0
L -0.3958675 1.2470486 -0.3088595 1.2470486 0 P 0
L -0.3958675 1.2470486 -0.3958675 1.3041346 0 P 0
L -0.3958675 1.3041346 -0.3088595 1.3041346 0 P 0
L -0.7775589 0.7753939 -0.7775589 0.8624019 0 P 0
L -0.8346449 0.7753939 -0.7775589 0.7753939 0 P 0
L -0.8346449 0.7753939 -0.8346449 0.8624019 0 P 0
L -0.8346449 0.8624019 -0.7775589 0.8624019 0 P 0
L -0.8354324 2.5127939 -0.8354324 2.5698799 0 P 0
L -0.8769688 0.7753938 -0.8769688 0.8624018 0 P 0
L -0.9224404 2.5127939 -0.8354324 2.5127939 0 P 0
L -0.9224404 2.5127939 -0.9224404 2.5698799 0 P 0
L -0.9224404 2.5698799 -0.8354324 2.5698799 0 P 0
L -0.9340548 0.7753938 -0.8769688 0.7753938 0 P 0
L -0.9340548 0.7753938 -0.9340548 0.8624018 0 P 0
L -0.9340548 0.8624018 -0.8769688 0.8624018 0 P 0
L -0.996064 1.0342516 -0.996064 1.1212596 0 P 0
L -1.0216542 2.3551189 -1.0216542 2.4421269 0 P 0
L -1.0492121 2.1356299 -1.0492121 2.2226379 0 P 0
L -1.05315 1.0342516 -0.996064 1.0342516 0 P 0
L -1.05315 1.0342516 -1.05315 1.1212596 0 P 0
L -1.05315 1.1212596 -0.996064 1.1212596 0 P 0
L -1.0787402 2.3551189 -1.0216542 2.3551189 0 P 0
L -1.0787402 2.3551189 -1.0787402 2.4421269 0 P 0
L -1.0787402 2.4421269 -1.0216542 2.4421269 0 P 0
L -1.1043317 2.3551189 -1.1043317 2.4421269 0 P 0
L -1.1063001 2.1356299 -1.0492121 2.1356299 0 P 0
L -1.1063001 2.1356299 -1.1063001 2.2226379 0 P 0
L -1.1063001 2.2226379 -1.0492121 2.2226379 0 P 0
L -1.1161419 1.0342516 -1.1161419 1.1212596 0 P 0
L -1.1614177 2.3551189 -1.1043317 2.3551189 0 P 0
L -1.1614177 2.3551189 -1.1614177 2.4421269 0 P 0
L -1.1614177 2.4421269 -1.1043317 2.4421269 0 P 0
L -1.1732279 1.0342516 -1.1161419 1.0342516 0 P 0
L -1.1732279 1.0342516 -1.1732279 1.1212596 0 P 0
L -1.1732279 1.1212596 -1.1161419 1.1212596 0 P 0
L -1.3316933 1.9545282 -1.3316933 2.0415362 0 P 0
L -1.3887793 1.9545282 -1.3316933 1.9545282 0 P 0
L -1.3887793 1.9545282 -1.3887793 2.0415362 0 P 0
L -1.3887793 2.0415362 -1.3316933 2.0415362 0 P 0
L -1.4143703 2.1356317 -1.4143703 2.2226377 0 P 0
L -1.4714563 2.1356317 -1.4143703 2.1356317 0 P 0
L -1.4714563 2.1356317 -1.4714563 2.2226377 0 P 0
L -1.4714563 2.2226377 -1.4143703 2.2226377 0 P 0
L -1.8740153 -1.0267724 -1.8740153 -0.9397644 0 P 0
L -1.8740157 -1.3013782 -1.8740157 -1.2143702 0 P 0
L -1.9311033 -0.9397644 -1.8740153 -0.9397644 0 P 0
L -1.9311033 -1.0267724 -1.8740153 -1.0267724 0 P 0
L -1.9311033 -1.0267724 -1.9311033 -0.9397644 0 P 0
L -1.9311037 -1.2143702 -1.8740157 -1.2143702 0 P 0
L -1.9311037 -1.3013782 -1.8740157 -1.3013782 0 P 0
L -1.9311037 -1.3013782 -1.9311037 -1.2143702 0 P 0
L 0.0177154 1.4466537 0.0177154 1.5336617 0 P 0
L 0.0177154 1.4466537 0.0748034 1.4466537 0 P 0
L 0.0177154 1.5336617 0.0748034 1.5336617 0 P 0
L 0.0216537 0.6208652 0.0216537 0.7078732 0 P 0
L 0.0216537 0.6208652 0.0787397 0.6208652 0 P 0
L 0.0216537 0.7078732 0.0787397 0.7078732 0 P 0
L 0.0216546 1.5381896 0.0216546 1.6251976 0 P 0
L 0.0421259 1.3051171 0.0421259 1.3622051 0 P 0
L 0.0421259 1.3051171 0.1291339 1.3051171 0 P 0
L 0.0421259 1.3622051 0.1291339 1.3622051 0 P 0
L 0.0429138 1.3228333 0.0429138 1.3740153 0 P 0
L 0.0429138 1.3228333 0.1578738 1.3228333 0 P 0
L 0.0429138 1.3740153 0.1578738 1.3740153 0 P 0
L 0.0549216 1.441929 0.0549216 1.499017 0 P 0
L 0.0549216 1.441929 0.1419296 1.441929 0 P 0
L 0.0549216 1.499017 0.1419296 1.499017 0 P 0
L 0.0708654 1.6110249 0.0708654 1.6980329 0 P 0
L 0.0708654 1.6110249 0.1279534 1.6110249 0 P 0
L 0.0708654 1.6980329 0.1279534 1.6980329 0 P 0
L 0.0708658 1.7872058 0.0708658 1.8742138 0 P 0
L 0.0708658 1.7872058 0.1279538 1.7872058 0 P 0
L 0.0708658 1.8742138 0.1279538 1.8742138 0 P 0
L 0.0748034 1.4466537 0.0748034 1.5336617 0 P 0
L 0.0787397 0.6208652 0.0787397 0.7078732 0 P 0
L 0.0797237 -0.8738197 0.1368097 -0.8738197 0 P 0
L 0.0797237 -0.9608277 0.0797237 -0.8738197 0 P 0
L 0.0797237 -0.9608277 0.1368097 -0.9608277 0 P 0
L 0.0881894 -1.0324799 0.2031494 -1.0324799 0 P 0
L 0.0881894 -1.0836619 0.0881894 -1.0324799 0 P 0
L 0.0881894 -1.0836619 0.2031494 -1.0836619 0 P 0
L 0.1029517 1.4616131 0.1029517 1.5127951 0 P 0
L 0.1029517 1.4616131 0.2179137 1.4616131 0 P 0
L 0.1029517 1.5127951 0.2179137 1.5127951 0 P 0
L 0.1171275 -1.2448827 0.1742135 -1.2448827 0 P 0
L 0.1171275 -1.3318907 0.1171275 -1.2448827 0 P 0
L 0.1171275 -1.3318907 0.1742135 -1.3318907 0 P 0
L 0.1220472 0.6208664 0.1220472 0.7078744 0 P 0
L 0.1220472 0.6208664 0.1791332 0.6208664 0 P 0
L 0.1220472 0.7078744 0.1791332 0.7078744 0 P 0
L 0.1279534 1.6110249 0.1279534 1.6980329 0 P 0
L 0.1279538 1.7872058 0.1279538 1.8742138 0 P 0
L 0.1291339 1.3051171 0.1291339 1.3622051 0 P 0
L 0.1368097 -0.9608277 0.1368097 -0.8738197 0 P 0
L 0.1419296 1.441929 0.1419296 1.499017 0 P 0
L 0.1578738 1.3228333 0.1578738 1.3740153 0 P 0
L 0.1742135 -1.3318907 0.1742135 -1.2448827 0 P 0
L 0.1791332 0.6208664 0.1791332 0.7078744 0 P 0
L 0.2031494 -1.0836619 0.2031494 -1.0324799 0 P 0
L 0.2179137 1.4616131 0.2179137 1.5127951 0 P 0
L 0.2242126 1.2893697 0.2242126 1.3464577 0 P 0
L 0.2242126 1.2893697 0.3112206 1.2893697 0 P 0
L 0.2242126 1.3464577 0.3112206 1.3464577 0 P 0
L 0.3112206 1.2893697 0.3112206 1.3464577 0 P 0
L 0.3669276 1.9281489 0.3669276 1.9852369 0 P 0
L 0.3669276 1.9281489 0.4539356 1.9281489 0 P 0
L 0.3669276 1.9852369 0.4539356 1.9852369 0 P 0
L 0.4539356 1.9281489 0.4539356 1.9852369 0 P 0
L 0.5314953 1.9356306 0.5314953 2.0505906 0 P 0
L 0.5314953 1.9356306 0.5826753 1.9356306 0 P 0
L 0.5314953 2.0505906 0.5826753 2.0505906 0 P 0
L 0.5826753 1.9356306 0.5826753 2.0505906 0 P 0
L 0.7990162 2.5088569 0.7990162 2.5659449 0 P 0
L 0.7990162 2.5088569 0.8860242 2.5088569 0 P 0
L 0.7990162 2.5659449 0.8860242 2.5659449 0 P 0
L 0.8860242 2.5088569 0.8860242 2.5659449 0 P 0
L 1.020669 2.3551172 1.020669 2.4421252 0 P 0
L 1.020669 2.3551172 1.077755 2.3551172 0 P 0
L 1.020669 2.4421252 1.077755 2.4421252 0 P 0
L 1.0492124 2.1356294 1.0492124 2.2226374 0 P 0
L 1.0492124 2.1356294 1.1062984 2.1356294 0 P 0
L 1.0492124 2.2226374 1.1062984 2.2226374 0 P 0
L 1.077755 2.3551172 1.077755 2.4421252 0 P 0
L 1.1062984 2.1356294 1.1062984 2.2226374 0 P 0
L 1.1131903 2.3551174 1.1131903 2.4421254 0 P 0
L 1.1131903 2.3551174 1.1702763 2.3551174 0 P 0
L 1.1131903 2.4421254 1.1702763 2.4421254 0 P 0
L 1.1702763 2.3551174 1.1702763 2.4421254 0 P 0
L 1.4143714 2.1356312 1.4143714 2.2226392 0 P 0
L 1.4143714 2.1356312 1.4714574 2.1356312 0 P 0
L 1.4143714 2.2226392 1.4714574 2.2226392 0 P 0
L 1.4714574 2.1356312 1.4714574 2.2226392 0 P 0
L 1.4980321 2.135629 1.4980321 2.222637 0 P 0
L 1.4980321 2.135629 1.5551181 2.135629 0 P 0
L 1.4980321 2.222637 1.5551181 2.222637 0 P 0
L 1.5551181 2.135629 1.5551181 2.222637 0 P 0
L 1.8749989 -1.4712611 1.9320869 -1.4712611 0 P 0
L 1.8749989 -1.5582691 1.8749989 -1.4712611 0 P 0
L 1.8749989 -1.5582691 1.9320869 -1.5582691 0 P 0
L 1.8749996 -1.1228342 1.9320856 -1.1228342 0 P 0
L 1.8749996 -1.2098422 1.8749996 -1.1228342 0 P 0
L 1.8749996 -1.2098422 1.9320856 -1.2098422 0 P 0
L 1.9320856 -1.2098422 1.9320856 -1.1228342 0 P 0
L 1.9320869 -1.5582691 1.9320869 -1.4712611 0 P 0
L 1.9663381 -1.6318888 2.0533461 -1.6318888 0 P 0
L 1.9663381 -1.6889768 1.9663381 -1.6318888 0 P 0
L 1.9663381 -1.6889768 2.0533461 -1.6889768 0 P 0
L 2.0167322 -0.9879915 2.0738182 -0.9879915 0 P 0
L 2.0167322 -1.0749995 2.0167322 -0.9879915 0 P 0
L 2.0167322 -1.0749995 2.0738182 -1.0749995 0 P 0
L 2.0187015 -1.1417328 2.0718515 -1.1417328 0 P 0
L 2.0187015 -1.2244088 2.0187015 -1.1417328 0 P 0
L 2.0187015 -1.2244088 2.0718515 -1.2244088 0 P 0
L 2.0196838 -1.5049211 2.0728338 -1.5049211 0 P 0
L 2.0196838 -1.5875991 2.0196838 -1.5049211 0 P 0
L 2.0196838 -1.5875991 2.0728338 -1.5875991 0 P 0
L 2.0533461 -1.6889768 2.0533461 -1.6318888 0 P 0
L 2.0718515 -1.2244088 2.0718515 -1.1417328 0 P 0
L 2.0728338 -1.5875991 2.0728338 -1.5049211 0 P 0
L 2.0738182 -1.0749995 2.0738182 -0.9879915 0 P 0
